  Measurement Number     Measurement type
                  94                DC IV

      Measurement ID             SeriesID
       739681.728179                   70

         MeasureMode                Bias1                Bias2
                   2                   15                   -6

                Step  Positive compliance  Negative compliance
                 0.2                1e-05                  0.1

  RealMeasuredPoints
                 214

        Bias        Current     Resistance
0.0000e+00   3.6390e-11   0.0000e+00
2.0000e-01   1.1455e-09   1.7460e+08
4.0000e-01   3.4113e-09   1.1726e+08
6.0000e-01   6.2660e-09   9.5755e+07
8.0000e-01   1.4143e-08   5.6565e+07
1.0000e+00   3.8962e-08   2.5666e+07
1.2000e+00   2.9957e-06   4.0057e+05
1.4000e+00   2.7548e-06   5.0820e+05
1.6000e+00   4.6055e-06   3.4741e+05
1.8000e+00   1.2372e-06   1.4549e+06
2.0000e+00   6.0771e-06   3.2910e+05
2.2000e+00   1.6963e-06   1.2969e+06
2.4000e+00   2.3430e-06   1.0243e+06
2.6000e+00   3.7625e-06   6.9103e+05
2.8000e+00   1.6179e-06   1.7306e+06
3.0000e+00   1.5319e-06   1.9584e+06
3.2000e+00   1.6622e-06   1.9252e+06
3.4000e+00   1.3452e-06   2.5275e+06
3.6000e+00   1.2617e-06   2.8533e+06
3.8000e+00   1.3699e-06   2.7739e+06
4.0000e+00   1.3030e-06   3.0698e+06
4.2000e+00   2.0430e-06   2.0558e+06
4.4000e+00   2.2654e-06   1.9423e+06
4.6000e+00   3.9306e-06   1.1703e+06
4.8000e+00   1.4319e-06   3.3522e+06
5.0000e+00   1.7451e-06   2.8652e+06
5.2000e+00   2.0578e-06   2.5270e+06
5.4000e+00   1.8628e-06   2.8989e+06
5.6000e+00   1.8605e-06   3.0099e+06
5.8000e+00   1.6987e-06   3.4144e+06
6.0000e+00   1.5510e-06   3.8685e+06
6.2000e+00   1.4482e-06   4.2812e+06
6.4000e+00   1.9624e-06   3.2613e+06
6.6000e+00   1.9006e-06   3.4726e+06
6.8000e+00   1.7017e-06   3.9960e+06
7.0000e+00   1.8304e-06   3.8243e+06
7.2000e+00   1.4577e-06   4.9393e+06
7.4000e+00   1.2254e-06   6.0388e+06
7.6000e+00   1.0693e-06   7.1075e+06
7.8000e+00   1.2081e-06   6.4564e+06
8.0000e+00   1.1853e-06   6.7493e+06
8.2000e+00   1.5617e-06   5.2507e+06
8.4000e+00   1.7619e-06   4.7676e+06
8.6000e+00   1.1181e-06   7.6916e+06
8.8000e+00   1.1189e-06   7.8649e+06
9.0000e+00   1.0544e-06   8.5357e+06
9.2000e+00   1.1554e-06   7.9626e+06
9.4000e+00   1.5747e-06   5.9694e+06
9.6000e+00   1.0904e-06   8.8041e+06
9.8000e+00   1.2911e-06   7.5904e+06
1.0000e+01   1.4889e-06   6.7164e+06
1.0200e+01   1.5750e-06   6.4762e+06
1.0400e+01   1.3505e-06   7.7009e+06
1.0600e+01   1.3678e-06   7.7497e+06
1.0800e+01   1.8783e-06   5.7499e+06
1.1000e+01   1.7203e-06   6.3942e+06
1.1200e+01   1.8127e-06   6.1786e+06
1.1400e+01   1.8663e-06   6.1083e+06
1.1600e+01   2.1208e-06   5.4696e+06
1.1800e+01   2.1608e-06   5.4609e+06
1.2000e+01   1.9043e-06   6.3015e+06
1.2200e+01   2.2705e-06   5.3733e+06
1.2400e+01   2.6451e-06   4.6879e+06
1.2600e+01   2.6498e-06   4.7551e+06
1.2800e+01   2.3900e-06   5.3556e+06
1.3000e+01   2.7950e-06   4.6512e+06
1.3200e+01   3.3426e-06   3.9490e+06
1.3400e+01   3.5731e-06   3.7502e+06
1.3600e+01   4.4487e-06   3.0571e+06
1.3800e+01   3.9645e-06   3.4809e+06
1.4000e+01   4.7479e-06   2.9487e+06
1.4200e+01   4.3434e-06   3.2693e+06
1.4400e+01   4.9073e-06   2.9344e+06
1.4600e+01   5.5627e-06   2.6246e+06
1.4800e+01   6.1046e-06   2.4244e+06
1.5000e+01   8.6689e-06   1.7303e+06
1.5000e+01   9.1916e-06   1.6319e+06
1.4800e+01   9.6487e-06   1.5339e+06
1.4600e+01   7.4896e-06   1.9494e+06
1.4400e+01   7.7839e-06   1.8500e+06
1.4200e+01   6.8865e-06   2.0620e+06
1.4000e+01   6.1221e-06   2.2868e+06
1.3800e+01   6.1203e-06   2.2548e+06
1.3600e+01   4.8295e-06   2.8160e+06
1.3400e+01   4.3076e-06   3.1108e+06
1.3200e+01   5.2122e-06   2.5325e+06
1.3000e+01   4.6634e-06   2.7877e+06
1.2800e+01   4.2215e-06   3.0321e+06
1.2600e+01   3.2988e-06   3.8196e+06
1.2400e+01   2.8730e-06   4.3160e+06
1.2200e+01   2.5810e-06   4.7269e+06
1.2000e+01   2.4331e-06   4.9320e+06
1.1800e+01   2.2878e-06   5.1578e+06
1.1600e+01   2.3511e-06   4.9339e+06
1.1400e+01   2.1815e-06   5.2258e+06
1.1200e+01   1.9551e-06   5.7286e+06
1.1000e+01   2.0005e-06   5.4986e+06
1.0800e+01   1.7320e-06   6.2356e+06
1.0600e+01   1.5740e-06   6.7344e+06
1.0400e+01   1.6480e-06   6.3107e+06
1.0200e+01   1.5128e-06   6.7425e+06
1.0000e+01   1.3487e-06   7.4145e+06
9.8000e+00   1.5158e-06   6.4652e+06
9.6000e+00   1.4720e-06   6.5217e+06
9.4000e+00   1.2605e-06   7.4574e+06
9.2000e+00   1.3038e-06   7.0563e+06
9.0000e+00   1.2628e-06   7.1270e+06
8.8000e+00   1.1121e-06   7.9130e+06
8.6000e+00   1.1827e-06   7.2715e+06
8.4000e+00   1.2818e-06   6.5533e+06
8.2000e+00   1.0969e-06   7.4756e+06
8.0000e+00   1.2024e-06   6.6534e+06
7.8000e+00   1.3151e-06   5.9311e+06
7.6000e+00   1.0705e-06   7.0996e+06
7.4000e+00   1.1472e-06   6.4505e+06
7.2000e+00   1.1851e-06   6.0754e+06
7.0000e+00   1.1747e-06   5.9590e+06
6.8000e+00   1.4571e-06   4.6668e+06
6.6000e+00   2.5700e-06   2.5681e+06
6.4000e+00   1.5417e-06   4.1513e+06
6.2000e+00   1.6196e-06   3.8281e+06
6.0000e+00   1.7307e-06   3.4668e+06
5.8000e+00   1.6493e-06   3.5166e+06
5.6000e+00   2.6327e-06   2.1271e+06
5.4000e+00   1.9067e-06   2.8321e+06
5.2000e+00   1.7573e-06   2.9591e+06
5.0000e+00   1.6239e-06   3.0790e+06
4.8000e+00   1.4164e-06   3.3889e+06
4.6000e+00   1.7791e-06   2.5856e+06
4.4000e+00   1.5790e-06   2.7866e+06
4.2000e+00   1.4999e-06   2.8002e+06
4.0000e+00   1.3296e-06   3.0084e+06
3.8000e+00   1.8092e-06   2.1004e+06
3.6000e+00   1.1713e-06   3.0735e+06
3.4000e+00   1.0421e-06   3.2626e+06
3.2000e+00   1.3172e-06   2.4294e+06
3.0000e+00   1.1785e-06   2.5456e+06
2.8000e+00   8.9112e-07   3.1421e+06
2.6000e+00   1.4218e-06   1.8287e+06
2.4000e+00   1.5201e-06   1.5788e+06
2.2000e+00   1.0264e-06   2.1435e+06
2.0000e+00   5.9858e-07   3.3412e+06
1.8000e+00   5.2328e-07   3.4398e+06
1.6000e+00   3.0114e-07   5.3131e+06
1.4000e+00   2.4016e-07   5.8294e+06
1.2000e+00   1.6126e-07   7.4414e+06
1.0000e+00   9.1740e-08   1.0900e+07
8.0000e-01   7.4157e-08   1.0788e+07
6.0000e-01   4.1316e-08   1.4522e+07
4.0000e-01   1.6497e-08   2.4247e+07
2.0000e-01   3.3857e-09   5.9072e+07
0.0000e+00   -4.3927e-10   -0.0000e+00
0.0000e+00   -3.3000e-12   -0.0000e+00
-2.0000e-01   -5.7549e-10   3.4753e+08
-4.0000e-01   -1.1439e-09   3.4968e+08
-6.0000e-01   -1.7449e-09   3.4386e+08
-8.0000e-01   -2.5385e-09   3.1515e+08
-1.0000e+00   -3.9019e-09   2.5629e+08
-1.2000e+00   -8.6662e-09   1.3847e+08
-1.4000e+00   -1.2469e-08   1.1228e+08
-1.6000e+00   -4.4572e-07   3.5897e+06
-1.8000e+00   -3.7352e-07   4.8190e+06
-2.0000e+00   -5.0316e-07   3.9749e+06
-2.2000e+00   -1.8548e-07   1.1861e+07
-2.4000e+00   -1.4870e-07   1.6140e+07
-2.6000e+00   -1.7820e-07   1.4590e+07
-2.8000e+00   -2.8324e-07   9.8856e+06
-3.0000e+00   -2.0434e-06   1.4681e+06
-3.2000e+00   -2.2024e-06   1.4530e+06
-3.4000e+00   -2.0867e-06   1.6294e+06
-3.6000e+00   -1.2635e-06   2.8492e+06
-3.8000e+00   -1.5083e-06   2.5194e+06
-4.0000e+00   -2.1357e-06   1.8729e+06
-4.2000e+00   -2.2605e-06   1.8580e+06
-4.4000e+00   -2.3738e-06   1.8536e+06
-4.6000e+00   -2.3253e-06   1.9782e+06
-4.8000e+00   -3.5840e-06   1.3393e+06
-5.0000e+00   -3.0040e-06   1.6644e+06
-5.2000e+00   -3.4174e-06   1.5216e+06
-5.4000e+00   -3.8375e-06   1.4072e+06
-5.6000e+00   -5.4317e-06   1.0310e+06
-5.8000e+00   -3.1500e-06   1.8413e+06
-6.0000e+00   -3.7314e-06   1.6080e+06
-6.0000e+00   -3.4409e-06   1.7437e+06
-5.8000e+00   -2.4663e-06   2.3517e+06
-5.6000e+00   -2.6837e-06   2.0867e+06
-5.4000e+00   -2.5926e-06   2.0829e+06
-5.2000e+00   -2.5504e-06   2.0389e+06
-5.0000e+00   -2.7257e-06   1.8344e+06
-4.8000e+00   -2.2351e-06   2.1476e+06
-4.6000e+00   -1.9774e-06   2.3263e+06
-4.4000e+00   -2.3272e-06   1.8907e+06
-4.2000e+00   -1.6609e-06   2.5287e+06
-4.0000e+00   -2.5825e-06   1.5489e+06
-3.8000e+00   -1.4528e-06   2.6156e+06
-3.6000e+00   -1.2373e-06   2.9096e+06
-3.4000e+00   -1.2568e-06   2.7053e+06
-3.2000e+00   -2.1751e-06   1.4712e+06
-3.0000e+00   -4.4375e-06   6.7606e+05
-2.8000e+00   -4.1370e-06   6.7682e+05
-2.6000e+00   -6.6458e-06   3.9122e+05
-2.4000e+00   -8.1067e-06   2.9605e+05
-2.2000e+00   -7.9001e-06   2.7848e+05
-2.0000e+00   -2.0224e-06   9.8892e+05
-1.8000e+00   -1.4741e-06   1.2211e+06
-1.6000e+00   -1.0159e-06   1.5750e+06
-1.4000e+00   -8.8708e-07   1.5782e+06
-1.2000e+00   -6.0768e-07   1.9747e+06
-1.0000e+00   -3.8322e-07   2.6095e+06
-8.0000e-01   -2.3230e-07   3.4438e+06
-6.0000e-01   -1.3272e-07   4.5208e+06
-4.0000e-01   -6.0514e-08   6.6100e+06
-2.0000e-01   -2.5597e-08   7.8135e+06
0.0000e+00   3.7381e-10   0.0000e+00
