  Measurement Number     Measurement type
                  53                DC IV

      Measurement ID             SeriesID
       739681.610043                    0

         MeasureMode                Bias1                Bias2
                   1                    0                  2.5

                Step  Positive compliance  Negative compliance
                 0.1                0.001               0.0001

  RealMeasuredPoints
                  52

        Bias        Current     Resistance
0.0000e+00   6.1209e-08   0.0000e+00
1.0000e-01   3.0902e-05   3.2360e+03
2.0000e-01   6.1916e-05   3.2302e+03
3.0000e-01   9.2506e-05   3.2430e+03
4.0000e-01   1.2358e-04   3.2368e+03
5.0000e-01   1.5492e-04   3.2275e+03
6.0000e-01   1.8532e-04   3.2376e+03
7.0000e-01   2.1696e-04   3.2264e+03
8.0000e-01   2.4846e-04   3.2198e+03
9.0000e-01   2.7992e-04   3.2152e+03
1.0000e+00   3.0984e-04   3.2275e+03
1.1000e+00   3.4120e-04   3.2239e+03
1.2000e+00   3.6806e-04   3.2603e+03
1.3000e+00   3.9808e-04   3.2657e+03
1.4000e+00   4.2524e-04   3.2923e+03
1.5000e+00   4.5258e-04   3.3143e+03
1.6000e+00   4.8318e-04   3.3114e+03
1.7000e+00   5.2156e-04   3.2595e+03
1.8000e+00   5.5584e-04   3.2383e+03
1.9000e+00   5.8282e-04   3.2600e+03
2.0000e+00   6.2554e-04   3.1972e+03
2.1000e+00   6.7732e-04   3.1005e+03
2.2000e+00   7.3644e-04   2.9873e+03
2.3000e+00   7.9078e-04   2.9085e+03
2.4000e+00   8.4764e-04   2.8314e+03
2.5000e+00   8.8938e-04   2.8109e+03
2.5000e+00   8.8092e-04   2.8379e+03
2.4000e+00   8.4964e-04   2.8247e+03
2.3000e+00   8.0368e-04   2.8618e+03
2.2000e+00   7.5600e-04   2.9101e+03
2.1000e+00   7.1004e-04   2.9576e+03
2.0000e+00   6.7404e-04   2.9672e+03
1.9000e+00   6.2904e-04   3.0205e+03
1.8000e+00   5.8864e-04   3.0579e+03
1.7000e+00   5.5472e-04   3.0646e+03
1.6000e+00   5.2236e-04   3.0630e+03
1.5000e+00   4.8836e-04   3.0715e+03
1.4000e+00   4.5642e-04   3.0674e+03
1.3000e+00   4.2332e-04   3.0710e+03
1.2000e+00   3.8998e-04   3.0771e+03
1.1000e+00   3.5638e-04   3.0866e+03
1.0000e+00   3.2382e-04   3.0881e+03
9.0000e-01   2.9150e-04   3.0875e+03
8.0000e-01   2.5952e-04   3.0826e+03
7.0000e-01   2.2684e-04   3.0859e+03
6.0000e-01   1.9440e-04   3.0864e+03
5.0000e-01   1.6144e-04   3.0971e+03
4.0000e-01   1.2894e-04   3.1022e+03
3.0000e-01   9.6600e-05   3.1056e+03
2.0000e-01   6.4304e-05   3.1102e+03
1.0000e-01   3.2122e-05   3.1131e+03
0.0000e+00   4.6085e-08   0.0000e+00
