  Measurement Number     Measurement type
                  14                DC IV

      Measurement ID             SeriesID
       739681.673770                    0

         MeasureMode                Bias1                Bias2
                   2                    8                   -8

                Step  Positive compliance  Negative compliance
                 0.2                1e-06                1e-06

  RealMeasuredPoints
                 164

        Bias        Current     Resistance
0.0000e+00   3.4100e-12   0.0000e+00
2.0000e-01   1.0790e-11   1.8536e+10
4.0000e-01   1.4200e-11   2.8169e+10
6.0000e-01   3.3590e-11   1.7862e+10
8.0000e-01   5.1470e-11   1.5543e+10
1.0000e+00   8.9180e-11   1.1213e+10
1.2000e+00   1.2259e-10   9.7887e+09
1.4000e+00   1.9718e-10   7.1001e+09
1.6000e+00   2.4271e-10   6.5922e+09
1.8000e+00   5.9820e-10   3.0090e+09
2.0000e+00   4.8019e-10   4.1650e+09
2.2000e+00   6.9904e-10   3.1472e+09
2.4000e+00   1.3477e-09   1.7808e+09
2.6000e+00   9.2560e-10   2.8090e+09
2.8000e+00   1.2554e-09   2.2304e+09
3.0000e+00   1.6419e-09   1.8272e+09
3.2000e+00   1.8639e-09   1.7168e+09
3.4000e+00   2.9066e-09   1.1698e+09
3.6000e+00   3.2507e-09   1.1075e+09
3.8000e+00   5.3111e-09   7.1548e+08
4.0000e+00   3.9145e-09   1.0218e+09
4.2000e+00   8.6658e-09   4.8466e+08
4.4000e+00   1.9027e-08   2.3124e+08
4.6000e+00   1.0454e-08   4.4003e+08
4.8000e+00   1.1778e-08   4.0753e+08
5.0000e+00   1.6816e-08   2.9734e+08
5.2000e+00   2.8683e-08   1.8129e+08
5.4000e+00   2.5180e-08   2.1446e+08
5.6000e+00   1.2780e-08   4.3818e+08
5.8000e+00   2.5202e-08   2.3014e+08
6.0000e+00   2.1340e-08   2.8116e+08
6.2000e+00   3.0497e-08   2.0330e+08
6.4000e+00   2.0396e-07   3.1379e+07
6.6000e+00   6.9640e-08   9.4773e+07
6.8000e+00   5.8839e-08   1.1557e+08
7.0000e+00   8.5840e-08   8.1547e+07
7.2000e+00   8.3820e-08   8.5898e+07
7.4000e+00   2.4808e-07   2.9829e+07
7.6000e+00   1.1420e-07   6.6550e+07
7.8000e+00   1.9166e-07   4.0697e+07
8.0000e+00   9.9994e-07   8.0005e+06
8.0000e+00   9.9994e-07   8.0005e+06
7.8000e+00   9.9992e-07   7.8006e+06
7.6000e+00   1.0000e-06   7.5997e+06
7.4000e+00   9.9994e-07   7.4004e+06
7.2000e+00   1.0001e-06   7.1990e+06
7.0000e+00   4.8832e-07   1.4335e+07
6.8000e+00   9.9990e-07   6.8007e+06
6.6000e+00   9.9994e-07   6.6004e+06
6.4000e+00   1.0001e-06   6.3995e+06
6.2000e+00   6.8080e-07   9.1069e+06
6.0000e+00   5.6658e-07   1.0590e+07
5.8000e+00   9.9994e-07   5.8003e+06
5.6000e+00   6.3804e-07   8.7769e+06
5.4000e+00   4.8546e-07   1.1123e+07
5.2000e+00   3.6466e-07   1.4260e+07
5.0000e+00   3.4404e-07   1.4533e+07
4.8000e+00   2.7462e-07   1.7479e+07
4.6000e+00   1.3996e-07   3.2867e+07
4.4000e+00   1.6660e-07   2.6411e+07
4.2000e+00   1.8232e-07   2.3036e+07
4.0000e+00   1.5502e-07   2.5803e+07
3.8000e+00   1.4090e-07   2.6969e+07
3.6000e+00   1.0832e-07   3.3235e+07
3.4000e+00   8.9273e-08   3.8086e+07
3.2000e+00   7.3845e-08   4.3334e+07
3.0000e+00   5.9951e-08   5.0041e+07
2.8000e+00   4.2151e-08   6.6428e+07
2.6000e+00   3.2530e-08   7.9925e+07
2.4000e+00   2.3112e-08   1.0384e+08
2.2000e+00   1.6676e-08   1.3193e+08
2.0000e+00   1.2700e-08   1.5748e+08
1.8000e+00   9.7929e-09   1.8381e+08
1.6000e+00   6.5388e-09   2.4469e+08
1.4000e+00   5.7316e-09   2.4426e+08
1.2000e+00   4.1630e-09   2.8825e+08
1.0000e+00   3.0140e-09   3.3179e+08
8.0000e-01   1.8496e-09   4.3253e+08
6.0000e-01   9.8360e-10   6.1000e+08
4.0000e-01   4.5423e-10   8.8061e+08
2.0000e-01   -2.9290e-11   -6.8283e+09
0.0000e+00   -1.4746e-10   -0.0000e+00
0.0000e+00   -2.1500e-11   -0.0000e+00
-2.0000e-01   -8.1730e-11   2.4471e+09
-4.0000e-01   -2.0027e-10   1.9973e+09
-6.0000e-01   -4.9080e-10   1.2225e+09
-8.0000e-01   -1.0038e-09   7.9697e+08
-1.0000e+00   -1.9459e-09   5.1390e+08
-1.2000e+00   -2.9811e-09   4.0254e+08
-1.4000e+00   -5.2631e-09   2.6600e+08
-1.6000e+00   -7.5972e-09   2.1060e+08
-1.8000e+00   -1.1473e-08   1.5688e+08
-2.0000e+00   -1.1573e-08   1.7281e+08
-2.2000e+00   -1.1222e-08   1.9605e+08
-2.4000e+00   -1.3654e-08   1.7578e+08
-2.6000e+00   -1.8309e-08   1.4201e+08
-2.8000e+00   -2.4406e-08   1.1473e+08
-3.0000e+00   -2.9299e-08   1.0239e+08
-3.2000e+00   -4.6469e-08   6.8863e+07
-3.4000e+00   -5.6801e-08   5.9858e+07
-3.6000e+00   -6.1534e-08   5.8504e+07
-3.8000e+00   -6.9108e-08   5.4986e+07
-4.0000e+00   -7.4367e-08   5.3787e+07
-4.2000e+00   -8.1580e-08   5.1483e+07
-4.4000e+00   -9.8880e-08   4.4498e+07
-4.6000e+00   -1.0554e-07   4.3585e+07
-4.8000e+00   -2.6412e-07   1.8174e+07
-5.0000e+00   -3.3002e-07   1.5151e+07
-5.2000e+00   -2.1040e-07   2.4715e+07
-5.4000e+00   -2.4916e-07   2.1673e+07
-5.6000e+00   -3.9032e-07   1.4347e+07
-5.8000e+00   -3.0442e-07   1.9053e+07
-6.0000e+00   -2.9456e-07   2.0369e+07
-6.2000e+00   -2.5606e-07   2.4213e+07
-6.4000e+00   -4.9896e-07   1.2827e+07
-6.6000e+00   -2.8954e-07   2.2795e+07
-6.8000e+00   -1.6556e-07   4.1073e+07
-7.0000e+00   -1.6638e-07   4.2072e+07
-7.2000e+00   -1.6348e-07   4.4042e+07
-7.4000e+00   -1.9358e-07   3.8227e+07
-7.6000e+00   -1.6060e-07   4.7323e+07
-7.8000e+00   -1.7406e-07   4.4812e+07
-8.0000e+00   -4.0830e-07   1.9593e+07
-8.0000e+00   -4.1102e-07   1.9464e+07
-7.8000e+00   -1.9032e-07   4.0984e+07
-7.6000e+00   -1.2150e-07   6.2551e+07
-7.4000e+00   -1.6738e-07   4.4211e+07
-7.2000e+00   -2.0128e-07   3.5771e+07
-7.0000e+00   -1.9748e-07   3.5447e+07
-6.8000e+00   -1.4992e-07   4.5358e+07
-6.6000e+00   -1.3206e-07   4.9977e+07
-6.4000e+00   -1.1226e-07   5.7011e+07
-6.2000e+00   -3.4224e-07   1.8116e+07
-6.0000e+00   -1.1816e-07   5.0779e+07
-5.8000e+00   -1.8170e-07   3.1921e+07
-5.6000e+00   -1.3938e-07   4.0178e+07
-5.4000e+00   -1.1598e-07   4.6560e+07
-5.2000e+00   -1.1980e-07   4.3406e+07
-5.0000e+00   -1.3128e-07   3.8087e+07
-4.8000e+00   -1.0184e-07   4.7133e+07
-4.6000e+00   -1.0004e-07   4.5982e+07
-4.4000e+00   -7.9800e-08   5.5138e+07
-4.2000e+00   -5.9980e-08   7.0023e+07
-4.0000e+00   -6.4023e-08   6.2478e+07
-3.8000e+00   -4.9082e-08   7.7421e+07
-3.6000e+00   -3.0333e-08   1.1868e+08
-3.4000e+00   -2.3692e-08   1.4351e+08
-3.2000e+00   -1.7668e-08   1.8111e+08
-3.0000e+00   -1.5241e-08   1.9684e+08
-2.8000e+00   -1.0578e-08   2.6470e+08
-2.6000e+00   -9.1859e-09   2.8304e+08
-2.4000e+00   -6.7241e-09   3.5693e+08
-2.2000e+00   -5.1073e-09   4.3076e+08
-2.0000e+00   -3.2397e-09   6.1734e+08
-1.8000e+00   -2.3971e-09   7.5091e+08
-1.6000e+00   -1.5779e-09   1.0140e+09
-1.4000e+00   -8.5316e-10   1.6410e+09
-1.2000e+00   -4.2005e-10   2.8568e+09
-1.0000e+00   -2.0114e-10   4.9717e+09
-8.0000e-01   -6.4400e-12   1.2422e+11
-6.0000e-01   6.2630e-11   -9.5801e+09
-4.0000e-01   1.1935e-10   -3.3515e+09
-2.0000e-01   1.3293e-10   -1.5046e+09
0.0000e+00   1.3884e-10   0.0000e+00
