  Measurement Number     Measurement type
                  11                DC IV

      Measurement ID             SeriesID
       739599.786362                   82

         MeasureMode                Bias1                Bias2
                   2                    4                   -4

                Step  Positive compliance  Negative compliance
                0.05                  0.1                  0.1

  RealMeasuredPoints
                 324

        Bias        Current     Resistance
0.0000e+00   3.8696e-08   0.0000e+00
5.0000e-02   7.8141e-06   6.3987e+03
1.0000e-01   1.5632e-05   6.3971e+03
1.5000e-01   2.3514e-05   6.3792e+03
2.0000e-01   3.1474e-05   6.3545e+03
2.5000e-01   3.9576e-05   6.3170e+03
3.0000e-01   4.7792e-05   6.2772e+03
3.5000e-01   5.6138e-05   6.2346e+03
4.0000e-01   6.4600e-05   6.1920e+03
4.5000e-01   7.3204e-05   6.1472e+03
5.0000e-01   8.1918e-05   6.1037e+03
5.5000e-01   9.0750e-05   6.0606e+03
6.0000e-01   9.9740e-05   6.0156e+03
6.5000e-01   1.0887e-04   5.9703e+03
7.0000e-01   1.1818e-04   5.9232e+03
7.5000e-01   1.2762e-04   5.8768e+03
8.0000e-01   1.3710e-04   5.8352e+03
8.5000e-01   1.4676e-04   5.7918e+03
9.0000e-01   1.5652e-04   5.7501e+03
9.5000e-01   1.6642e-04   5.7084e+03
1.0000e+00   1.7644e-04   5.6676e+03
1.0500e+00   1.8658e-04   5.6276e+03
1.1000e+00   1.9684e-04   5.5883e+03
1.1500e+00   2.0730e-04   5.5475e+03
1.2000e+00   2.1790e-04   5.5071e+03
1.2500e+00   2.2860e-04   5.4681e+03
1.3000e+00   2.3958e-04   5.4262e+03
1.3500e+00   2.5056e-04   5.3879e+03
1.4000e+00   2.6176e-04   5.3484e+03
1.4500e+00   2.7302e-04   5.3110e+03
1.5000e+00   2.8448e-04   5.2728e+03
1.5500e+00   2.9606e-04   5.2354e+03
1.6000e+00   3.0802e-04   5.1945e+03
1.6500e+00   3.1990e-04   5.1579e+03
1.7000e+00   3.3192e-04   5.1217e+03
1.7500e+00   3.4414e-04   5.0851e+03
1.8000e+00   3.5658e-04   5.0480e+03
1.8500e+00   3.6928e-04   5.0097e+03
1.9000e+00   3.8204e-04   4.9733e+03
1.9500e+00   3.9496e-04   4.9372e+03
2.0000e+00   4.0830e-04   4.8984e+03
2.0500e+00   4.2454e-04   4.8288e+03
2.1000e+00   4.3880e-04   4.7858e+03
2.1500e+00   4.5422e-04   4.7334e+03
2.2000e+00   5.1310e-04   4.2877e+03
2.2500e+00   5.2936e-04   4.2504e+03
2.3000e+00   5.4562e-04   4.2154e+03
2.3500e+00   5.6212e-04   4.1806e+03
2.4000e+00   5.8016e-04   4.1368e+03
2.4500e+00   5.9700e-04   4.1039e+03
2.5000e+00   6.1424e-04   4.0701e+03
2.5500e+00   6.3228e-04   4.0330e+03
2.6000e+00   6.4976e-04   4.0015e+03
2.6500e+00   6.6780e-04   3.9683e+03
2.7000e+00   6.8638e-04   3.9337e+03
2.7500e+00   7.0510e-04   3.9002e+03
2.8000e+00   7.2380e-04   3.8685e+03
2.8500e+00   7.4298e-04   3.8359e+03
2.9000e+00   8.4984e-04   3.4124e+03
2.9500e+00   1.9646e-03   1.5016e+03
3.0000e+00   2.0052e-03   1.4961e+03
3.0500e+00   2.0458e-03   1.4909e+03
3.1000e+00   2.0868e-03   1.4855e+03
3.1500e+00   2.1274e-03   1.4807e+03
3.2000e+00   2.1676e-03   1.4763e+03
3.2500e+00   2.2078e-03   1.4721e+03
3.3000e+00   2.2486e-03   1.4676e+03
3.3500e+00   2.2894e-03   1.4633e+03
3.4000e+00   2.3298e-03   1.4594e+03
3.4500e+00   2.3710e-03   1.4551e+03
3.5000e+00   2.4118e-03   1.4512e+03
3.5500e+00   2.4528e-03   1.4473e+03
3.6000e+00   2.4928e-03   1.4442e+03
3.6500e+00   2.5694e-03   1.4206e+03
3.7000e+00   2.6110e-03   1.4171e+03
3.7500e+00   2.6534e-03   1.4133e+03
3.8000e+00   3.5178e-03   1.0802e+03
3.8500e+00   3.5726e-03   1.0776e+03
3.9000e+00   3.6266e-03   1.0754e+03
3.9500e+00   3.6822e-03   1.0727e+03
4.0000e+00   3.7380e-03   1.0701e+03
4.0000e+00   3.7372e-03   1.0703e+03
3.9500e+00   3.6824e-03   1.0727e+03
3.9000e+00   3.6288e-03   1.0747e+03
3.8500e+00   3.5730e-03   1.0775e+03
3.8000e+00   3.5180e-03   1.0802e+03
3.7500e+00   3.4620e-03   1.0832e+03
3.7000e+00   3.4082e-03   1.0856e+03
3.6500e+00   3.3538e-03   1.0883e+03
3.6000e+00   3.2982e-03   1.0915e+03
3.5500e+00   3.2428e-03   1.0947e+03
3.5000e+00   3.1872e-03   1.0981e+03
3.4500e+00   3.1320e-03   1.1015e+03
3.4000e+00   3.0726e-03   1.1066e+03
3.3500e+00   3.0048e-03   1.1149e+03
3.3000e+00   2.9502e-03   1.1186e+03
3.2500e+00   2.8908e-03   1.1243e+03
3.2000e+00   2.8354e-03   1.1286e+03
3.1500e+00   2.7798e-03   1.1332e+03
3.1000e+00   2.7230e-03   1.1385e+03
3.0500e+00   2.6532e-03   1.1496e+03
3.0000e+00   2.6002e-03   1.1538e+03
2.9500e+00   2.5460e-03   1.1587e+03
2.9000e+00   2.4900e-03   1.1647e+03
2.8500e+00   2.4342e-03   1.1708e+03
2.8000e+00   2.3762e-03   1.1784e+03
2.7500e+00   2.3188e-03   1.1860e+03
2.7000e+00   2.2622e-03   1.1935e+03
2.6500e+00   2.2048e-03   1.2019e+03
2.6000e+00   2.1450e-03   1.2121e+03
2.5500e+00   2.0676e-03   1.2333e+03
2.5000e+00   2.0120e-03   1.2425e+03
2.4500e+00   1.9566e-03   1.2522e+03
2.4000e+00   1.9008e-03   1.2626e+03
2.3500e+00   1.8374e-03   1.2790e+03
2.3000e+00   1.7680e-03   1.3009e+03
2.2500e+00   1.7040e-03   1.3204e+03
2.2000e+00   1.6396e-03   1.3418e+03
2.1500e+00   1.5522e-03   1.3851e+03
2.1000e+00   1.4970e-03   1.4028e+03
2.0500e+00   1.4388e-03   1.4248e+03
2.0000e+00   1.3630e-03   1.4674e+03
1.9500e+00   1.2978e-03   1.5025e+03
1.9000e+00   1.2346e-03   1.5390e+03
1.8500e+00   1.1806e-03   1.5670e+03
1.8000e+00   1.1252e-03   1.5997e+03
1.7500e+00   1.0408e-03   1.6814e+03
1.7000e+00   8.5238e-04   1.9944e+03
1.6500e+00   8.0462e-04   2.0507e+03
1.6000e+00   5.5044e-04   2.9068e+03
1.5500e+00   5.0048e-04   3.0970e+03
1.5000e+00   2.8472e-04   5.2683e+03
1.4500e+00   2.7330e-04   5.3055e+03
1.4000e+00   2.6204e-04   5.3427e+03
1.3500e+00   2.5080e-04   5.3828e+03
1.3000e+00   2.3976e-04   5.4221e+03
1.2500e+00   2.2882e-04   5.4628e+03
1.2000e+00   2.1820e-04   5.4995e+03
1.1500e+00   2.0766e-04   5.5379e+03
1.1000e+00   1.9718e-04   5.5787e+03
1.0500e+00   1.8684e-04   5.6198e+03
1.0000e+00   1.7668e-04   5.6600e+03
9.5000e-01   1.6662e-04   5.7016e+03
9.0000e-01   1.5674e-04   5.7420e+03
8.5000e-01   1.4700e-04   5.7823e+03
8.0000e-01   1.3734e-04   5.8250e+03
7.5000e-01   1.2778e-04   5.8695e+03
7.0000e-01   1.1844e-04   5.9102e+03
6.5000e-01   1.0920e-04   5.9524e+03
6.0000e-01   1.0006e-04   5.9964e+03
5.5000e-01   9.0958e-05   6.0467e+03
5.0000e-01   8.2076e-05   6.0919e+03
4.5000e-01   7.3384e-05   6.1321e+03
4.0000e-01   6.4768e-05   6.1759e+03
3.5000e-01   5.6306e-05   6.2160e+03
3.0000e-01   4.7948e-05   6.2568e+03
2.5000e-01   3.9692e-05   6.2985e+03
2.0000e-01   3.1598e-05   6.3295e+03
1.5000e-01   2.3616e-05   6.3516e+03
1.0000e-01   1.5688e-05   6.3743e+03
5.0000e-02   7.8536e-06   6.3665e+03
0.0000e+00   3.8688e-08   0.0000e+00
0.0000e+00   3.6491e-08   0.0000e+00
-5.0000e-02   -7.7386e-06   6.4611e+03
-1.0000e-01   -1.5554e-05   6.4292e+03
-1.5000e-01   -2.3416e-05   6.4059e+03
-2.0000e-01   -3.1400e-05   6.3694e+03
-2.5000e-01   -3.9504e-05   6.3285e+03
-3.0000e-01   -4.7692e-05   6.2904e+03
-3.5000e-01   -5.6038e-05   6.2458e+03
-4.0000e-01   -6.4486e-05   6.2029e+03
-4.5000e-01   -7.3076e-05   6.1580e+03
-5.0000e-01   -8.1822e-05   6.1108e+03
-5.5000e-01   -9.0698e-05   6.0641e+03
-6.0000e-01   -9.9674e-05   6.0196e+03
-6.5000e-01   -1.0881e-04   5.9735e+03
-7.0000e-01   -1.1784e-04   5.9403e+03
-7.5000e-01   -1.2732e-04   5.8907e+03
-8.0000e-01   -1.3678e-04   5.8488e+03
-8.5000e-01   -1.4646e-04   5.8036e+03
-9.0000e-01   -1.5624e-04   5.7604e+03
-9.5000e-01   -1.6614e-04   5.7181e+03
-1.0000e+00   -1.7620e-04   5.6754e+03
-1.0500e+00   -1.8640e-04   5.6330e+03
-1.1000e+00   -1.9672e-04   5.5917e+03
-1.1500e+00   -2.0734e-04   5.5464e+03
-1.2000e+00   -2.1790e-04   5.5071e+03
-1.2500e+00   -2.2856e-04   5.4690e+03
-1.3000e+00   -2.3938e-04   5.4307e+03
-1.3500e+00   -2.5052e-04   5.3888e+03
-1.4000e+00   -2.6158e-04   5.3521e+03
-1.4500e+00   -2.7296e-04   5.3121e+03
-1.5000e+00   -2.8452e-04   5.2720e+03
-1.5500e+00   -2.9622e-04   5.2326e+03
-1.6000e+00   -3.0792e-04   5.1962e+03
-1.6500e+00   -3.1992e-04   5.1575e+03
-1.7000e+00   -3.3194e-04   5.1214e+03
-1.7500e+00   -3.4426e-04   5.0834e+03
-1.8000e+00   -3.5650e-04   5.0491e+03
-1.8500e+00   -3.6918e-04   5.0111e+03
-1.9000e+00   -3.8196e-04   4.9743e+03
-1.9500e+00   -3.9508e-04   4.9357e+03
-2.0000e+00   -4.0840e-04   4.8972e+03
-2.0500e+00   -4.2442e-04   4.8301e+03
-2.1000e+00   -4.3880e-04   4.7858e+03
-2.1500e+00   -4.5304e-04   4.7457e+03
-2.2000e+00   -5.1460e-04   4.2752e+03
-2.2500e+00   -5.3064e-04   4.2402e+03
-2.3000e+00   -5.4674e-04   4.2068e+03
-2.3500e+00   -5.6342e-04   4.1710e+03
-2.4000e+00   -5.8006e-04   4.1375e+03
-2.4500e+00   -5.9704e-04   4.1036e+03
-2.5000e+00   -6.1442e-04   4.0689e+03
-2.5500e+00   -6.3216e-04   4.0338e+03
-2.6000e+00   -6.5004e-04   3.9998e+03
-2.6500e+00   -6.6834e-04   3.9650e+03
-2.7000e+00   -6.8650e-04   3.9330e+03
-2.7500e+00   -7.0534e-04   3.8988e+03
-2.8000e+00   -7.2446e-04   3.8649e+03
-2.8500e+00   -7.4374e-04   3.8320e+03
-2.9000e+00   -1.8870e-03   1.5368e+03
-2.9500e+00   -1.9272e-03   1.5307e+03
-3.0000e+00   -2.0014e-03   1.4990e+03
-3.0500e+00   -2.0424e-03   1.4933e+03
-3.1000e+00   -2.0830e-03   1.4882e+03
-3.1500e+00   -2.1232e-03   1.4836e+03
-3.2000e+00   -2.1640e-03   1.4787e+03
-3.2500e+00   -2.2066e-03   1.4729e+03
-3.3000e+00   -2.2472e-03   1.4685e+03
-3.3500e+00   -2.2878e-03   1.4643e+03
-3.4000e+00   -2.3280e-03   1.4605e+03
-3.4500e+00   -2.3682e-03   1.4568e+03
-3.5000e+00   -2.4084e-03   1.4532e+03
-3.5500e+00   -2.4810e-03   1.4309e+03
-3.6000e+00   -2.5228e-03   1.4270e+03
-3.6500e+00   -2.5646e-03   1.4232e+03
-3.7000e+00   -2.6060e-03   1.4198e+03
-3.7500e+00   -2.6478e-03   1.4163e+03
-3.8000e+00   -3.3042e-03   1.1501e+03
-3.8500e+00   -3.5724e-03   1.0777e+03
-3.9000e+00   -3.6286e-03   1.0748e+03
-3.9500e+00   -3.6846e-03   1.0720e+03
-4.0000e+00   -3.7402e-03   1.0695e+03
-4.0000e+00   -3.7416e-03   1.0691e+03
-3.9500e+00   -3.6880e-03   1.0710e+03
-3.9000e+00   -3.6344e-03   1.0731e+03
-3.8500e+00   -3.5784e-03   1.0759e+03
-3.8000e+00   -3.5240e-03   1.0783e+03
-3.7500e+00   -3.4710e-03   1.0804e+03
-3.7000e+00   -3.4162e-03   1.0831e+03
-3.6500e+00   -3.3608e-03   1.0861e+03
-3.6000e+00   -3.3058e-03   1.0890e+03
-3.5500e+00   -3.2498e-03   1.0924e+03
-3.5000e+00   -3.1948e-03   1.0955e+03
-3.4500e+00   -3.1344e-03   1.1007e+03
-3.4000e+00   -3.0776e-03   1.1048e+03
-3.3500e+00   -3.0166e-03   1.1105e+03
-3.3000e+00   -2.9528e-03   1.1176e+03
-3.2500e+00   -2.8970e-03   1.1219e+03
-3.2000e+00   -2.8420e-03   1.1260e+03
-3.1500e+00   -2.7862e-03   1.1306e+03
-3.1000e+00   -2.7302e-03   1.1354e+03
-3.0500e+00   -2.6722e-03   1.1414e+03
-3.0000e+00   -2.6044e-03   1.1519e+03
-2.9500e+00   -2.5490e-03   1.1573e+03
-2.9000e+00   -2.4922e-03   1.1636e+03
-2.8500e+00   -2.4348e-03   1.1705e+03
-2.8000e+00   -2.3788e-03   1.1771e+03
-2.7500e+00   -2.3222e-03   1.1842e+03
-2.7000e+00   -2.2662e-03   1.1914e+03
-2.6500e+00   -2.2086e-03   1.1999e+03
-2.6000e+00   -2.1274e-03   1.2221e+03
-2.5500e+00   -2.0722e-03   1.2306e+03
-2.5000e+00   -2.0170e-03   1.2395e+03
-2.4500e+00   -1.9606e-03   1.2496e+03
-2.4000e+00   -1.9052e-03   1.2597e+03
-2.3500e+00   -1.8438e-03   1.2745e+03
-2.3000e+00   -1.7828e-03   1.2901e+03
-2.2500e+00   -1.7086e-03   1.3169e+03
-2.2000e+00   -1.6444e-03   1.3379e+03
-2.1500e+00   -1.5592e-03   1.3789e+03
-2.1000e+00   -1.5018e-03   1.3983e+03
-2.0500e+00   -1.4456e-03   1.4181e+03
-2.0000e+00   -1.3838e-03   1.4453e+03
-1.9500e+00   -1.3248e-03   1.4719e+03
-1.9000e+00   -1.2438e-03   1.5276e+03
-1.8500e+00   -1.1798e-03   1.5681e+03
-1.8000e+00   -1.1158e-03   1.6132e+03
-1.7500e+00   -1.0288e-03   1.7010e+03
-1.7000e+00   -8.5428e-04   1.9900e+03
-1.6500e+00   -8.0482e-04   2.0501e+03
-1.6000e+00   -5.1740e-04   3.0924e+03
-1.5500e+00   -4.7168e-04   3.2861e+03
-1.5000e+00   -2.8506e-04   5.2621e+03
-1.4500e+00   -2.7352e-04   5.3013e+03
-1.4000e+00   -2.6214e-04   5.3407e+03
-1.3500e+00   -2.5096e-04   5.3793e+03
-1.3000e+00   -2.3992e-04   5.4185e+03
-1.2500e+00   -2.2900e-04   5.4585e+03
-1.2000e+00   -2.1836e-04   5.4955e+03
-1.1500e+00   -2.0774e-04   5.5358e+03
-1.1000e+00   -1.9716e-04   5.5792e+03
-1.0500e+00   -1.8672e-04   5.6234e+03
-1.0000e+00   -1.7660e-04   5.6625e+03
-9.5000e-01   -1.6654e-04   5.7043e+03
-9.0000e-01   -1.5662e-04   5.7464e+03
-8.5000e-01   -1.4682e-04   5.7894e+03
-8.0000e-01   -1.3712e-04   5.8343e+03
-7.5000e-01   -1.2764e-04   5.8759e+03
-7.0000e-01   -1.1820e-04   5.9222e+03
-6.5000e-01   -1.0890e-04   5.9688e+03
-6.0000e-01   -9.9934e-05   6.0040e+03
-5.5000e-01   -9.0956e-05   6.0469e+03
-5.0000e-01   -8.2086e-05   6.0912e+03
-4.5000e-01   -7.3346e-05   6.1353e+03
-4.0000e-01   -6.4696e-05   6.1828e+03
-3.5000e-01   -5.6216e-05   6.2260e+03
-3.0000e-01   -4.7892e-05   6.2641e+03
-2.5000e-01   -3.9636e-05   6.3074e+03
-2.0000e-01   -3.1518e-05   6.3456e+03
-1.5000e-01   -2.3530e-05   6.3748e+03
-1.0000e-01   -1.5620e-05   6.4020e+03
-5.0000e-02   -7.7600e-06   6.4433e+03
0.0000e+00   4.2072e-08   0.0000e+00
