  Measurement Number     Measurement type
                  23                DC IV

      Measurement ID             SeriesID
       739599.787669                   91

         MeasureMode                Bias1                Bias2
                   2                    4                   -4

                Step  Positive compliance  Negative compliance
                0.05                  0.1                  0.1

  RealMeasuredPoints
                 324

        Bias        Current     Resistance
0.0000e+00   3.4661e-08   0.0000e+00
5.0000e-02   7.8096e-06   6.4024e+03
1.0000e-01   1.5616e-05   6.4037e+03
1.5000e-01   2.3496e-05   6.3841e+03
2.0000e-01   3.1446e-05   6.3601e+03
2.5000e-01   3.9514e-05   6.3269e+03
3.0000e-01   4.7712e-05   6.2877e+03
3.5000e-01   5.6040e-05   6.2455e+03
4.0000e-01   6.4492e-05   6.2023e+03
4.5000e-01   7.3066e-05   6.1588e+03
5.0000e-01   8.1726e-05   6.1180e+03
5.5000e-01   9.0562e-05   6.0732e+03
6.0000e-01   9.9588e-05   6.0248e+03
6.5000e-01   1.0869e-04   5.9802e+03
7.0000e-01   1.1800e-04   5.9322e+03
7.5000e-01   1.2732e-04   5.8907e+03
8.0000e-01   1.3676e-04   5.8497e+03
8.5000e-01   1.4634e-04   5.8084e+03
9.0000e-01   1.5612e-04   5.7648e+03
9.5000e-01   1.6604e-04   5.7215e+03
1.0000e+00   1.7610e-04   5.6786e+03
1.0500e+00   1.8620e-04   5.6391e+03
1.1000e+00   1.9650e-04   5.5980e+03
1.1500e+00   2.0688e-04   5.5588e+03
1.2000e+00   2.1750e-04   5.5172e+03
1.2500e+00   2.2812e-04   5.4796e+03
1.3000e+00   2.3896e-04   5.4402e+03
1.3500e+00   2.5002e-04   5.3996e+03
1.4000e+00   2.6120e-04   5.3599e+03
1.4500e+00   2.7252e-04   5.3207e+03
1.5000e+00   2.8392e-04   5.2832e+03
1.5500e+00   2.9550e-04   5.2453e+03
1.6000e+00   3.0732e-04   5.2063e+03
1.6500e+00   3.1930e-04   5.1676e+03
1.7000e+00   3.3128e-04   5.1316e+03
1.7500e+00   3.4344e-04   5.0955e+03
1.8000e+00   3.5596e-04   5.0567e+03
1.8500e+00   3.6846e-04   5.0209e+03
1.9000e+00   3.8126e-04   4.9835e+03
1.9500e+00   3.9428e-04   4.9457e+03
2.0000e+00   4.0762e-04   4.9065e+03
2.0500e+00   4.2090e-04   4.8705e+03
2.1000e+00   4.3812e-04   4.7932e+03
2.1500e+00   4.5340e-04   4.7419e+03
2.2000e+00   5.1162e-04   4.3001e+03
2.2500e+00   5.2806e-04   4.2609e+03
2.3000e+00   5.4444e-04   4.2245e+03
2.3500e+00   5.6096e-04   4.1892e+03
2.4000e+00   5.7882e-04   4.1464e+03
2.4500e+00   5.9596e-04   4.1110e+03
2.5000e+00   6.1302e-04   4.0782e+03
2.5500e+00   6.3040e-04   4.0451e+03
2.6000e+00   6.4826e-04   4.0107e+03
2.6500e+00   6.6598e-04   3.9791e+03
2.7000e+00   6.8446e-04   3.9447e+03
2.7500e+00   7.0280e-04   3.9129e+03
2.8000e+00   7.2178e-04   3.8793e+03
2.8500e+00   7.4114e-04   3.8454e+03
2.9000e+00   9.5936e-04   3.0228e+03
2.9500e+00   1.9604e-03   1.5048e+03
3.0000e+00   2.0008e-03   1.4994e+03
3.0500e+00   2.0414e-03   1.4941e+03
3.1000e+00   2.0818e-03   1.4891e+03
3.1500e+00   2.1222e-03   1.4843e+03
3.2000e+00   2.1622e-03   1.4800e+03
3.2500e+00   2.2030e-03   1.4753e+03
3.3000e+00   2.2434e-03   1.4710e+03
3.3500e+00   2.2838e-03   1.4669e+03
3.4000e+00   2.3238e-03   1.4631e+03
3.4500e+00   2.3652e-03   1.4587e+03
3.5000e+00   2.4056e-03   1.4549e+03
3.5500e+00   2.4794e-03   1.4318e+03
3.6000e+00   2.5210e-03   1.4280e+03
3.6500e+00   2.5634e-03   1.4239e+03
3.7000e+00   2.6052e-03   1.4202e+03
3.7500e+00   2.6478e-03   1.4163e+03
3.8000e+00   3.2196e-03   1.1803e+03
3.8500e+00   3.5552e-03   1.0829e+03
3.9000e+00   3.6082e-03   1.0809e+03
3.9500e+00   3.6618e-03   1.0787e+03
4.0000e+00   3.7164e-03   1.0763e+03
4.0000e+00   3.7168e-03   1.0762e+03
3.9500e+00   3.6626e-03   1.0785e+03
3.9000e+00   3.6088e-03   1.0807e+03
3.8500e+00   3.5540e-03   1.0833e+03
3.8000e+00   3.5012e-03   1.0853e+03
3.7500e+00   3.4480e-03   1.0876e+03
3.7000e+00   3.3930e-03   1.0905e+03
3.6500e+00   3.3378e-03   1.0935e+03
3.6000e+00   3.2834e-03   1.0964e+03
3.5500e+00   3.2288e-03   1.0995e+03
3.5000e+00   3.1734e-03   1.1029e+03
3.4500e+00   3.1176e-03   1.1066e+03
3.4000e+00   3.0620e-03   1.1104e+03
3.3500e+00   2.9926e-03   1.1194e+03
3.3000e+00   2.9378e-03   1.1233e+03
3.2500e+00   2.8826e-03   1.1275e+03
3.2000e+00   2.8234e-03   1.1334e+03
3.1500e+00   2.7690e-03   1.1376e+03
3.1000e+00   2.7120e-03   1.1431e+03
3.0500e+00   2.6460e-03   1.1527e+03
3.0000e+00   2.5916e-03   1.1576e+03
2.9500e+00   2.5376e-03   1.1625e+03
2.9000e+00   2.4824e-03   1.1682e+03
2.8500e+00   2.4264e-03   1.1746e+03
2.8000e+00   2.3714e-03   1.1807e+03
2.7500e+00   2.3162e-03   1.1873e+03
2.7000e+00   2.2598e-03   1.1948e+03
2.6500e+00   2.2028e-03   1.2030e+03
2.6000e+00   2.1432e-03   1.2131e+03
2.5500e+00   2.0812e-03   1.2253e+03
2.5000e+00   2.0068e-03   1.2458e+03
2.4500e+00   1.9510e-03   1.2558e+03
2.4000e+00   1.8948e-03   1.2666e+03
2.3500e+00   1.8250e-03   1.2877e+03
2.3000e+00   1.7596e-03   1.3071e+03
2.2500e+00   1.6974e-03   1.3256e+03
2.2000e+00   1.6376e-03   1.3434e+03
2.1500e+00   1.5530e-03   1.3844e+03
2.1000e+00   1.4980e-03   1.4019e+03
2.0500e+00   1.4368e-03   1.4268e+03
2.0000e+00   1.3816e-03   1.4476e+03
1.9500e+00   1.3084e-03   1.4904e+03
1.9000e+00   1.2408e-03   1.5313e+03
1.8500e+00   1.1828e-03   1.5641e+03
1.8000e+00   1.1224e-03   1.6037e+03
1.7500e+00   1.0366e-03   1.6882e+03
1.7000e+00   8.6026e-04   1.9761e+03
1.6500e+00   8.1920e-04   2.0142e+03
1.6000e+00   7.5046e-04   2.1320e+03
1.5500e+00   4.7228e-04   3.2820e+03
1.5000e+00   2.8418e-04   5.2783e+03
1.4500e+00   2.7276e-04   5.3160e+03
1.4000e+00   2.6144e-04   5.3550e+03
1.3500e+00   2.5028e-04   5.3940e+03
1.3000e+00   2.3928e-04   5.4330e+03
1.2500e+00   2.2842e-04   5.4724e+03
1.2000e+00   2.1774e-04   5.5112e+03
1.1500e+00   2.0710e-04   5.5529e+03
1.1000e+00   1.9674e-04   5.5911e+03
1.0500e+00   1.8652e-04   5.6294e+03
1.0000e+00   1.7632e-04   5.6715e+03
9.5000e-01   1.6632e-04   5.7119e+03
9.0000e-01   1.5646e-04   5.7523e+03
8.5000e-01   1.4666e-04   5.7957e+03
8.0000e-01   1.3708e-04   5.8360e+03
7.5000e-01   1.2758e-04   5.8787e+03
7.0000e-01   1.1822e-04   5.9212e+03
6.5000e-01   1.0900e-04   5.9633e+03
6.0000e-01   9.9772e-05   6.0137e+03
5.5000e-01   9.0804e-05   6.0570e+03
5.0000e-01   8.2006e-05   6.0971e+03
4.5000e-01   7.3272e-05   6.1415e+03
4.0000e-01   6.4694e-05   6.1830e+03
3.5000e-01   5.6244e-05   6.2229e+03
3.0000e-01   4.7908e-05   6.2620e+03
2.5000e-01   3.9690e-05   6.2988e+03
2.0000e-01   3.1580e-05   6.3331e+03
1.5000e-01   2.3624e-05   6.3495e+03
1.0000e-01   1.5714e-05   6.3638e+03
5.0000e-02   7.8484e-06   6.3707e+03
0.0000e+00   3.9845e-08   0.0000e+00
0.0000e+00   4.3803e-08   0.0000e+00
-5.0000e-02   -7.7438e-06   6.4568e+03
-1.0000e-01   -1.5566e-05   6.4243e+03
-1.5000e-01   -2.3460e-05   6.3939e+03
-2.0000e-01   -3.1458e-05   6.3577e+03
-2.5000e-01   -3.9538e-05   6.3230e+03
-3.0000e-01   -4.7752e-05   6.2825e+03
-3.5000e-01   -5.6070e-05   6.2422e+03
-4.0000e-01   -6.4542e-05   6.1975e+03
-4.5000e-01   -7.3130e-05   6.1534e+03
-5.0000e-01   -8.1886e-05   6.1060e+03
-5.5000e-01   -9.0716e-05   6.0629e+03
-6.0000e-01   -9.9694e-05   6.0184e+03
-6.5000e-01   -1.0878e-04   5.9754e+03
-7.0000e-01   -1.1792e-04   5.9362e+03
-7.5000e-01   -1.2734e-04   5.8897e+03
-8.0000e-01   -1.3676e-04   5.8497e+03
-8.5000e-01   -1.4642e-04   5.8052e+03
-9.0000e-01   -1.5616e-04   5.7633e+03
-9.5000e-01   -1.6614e-04   5.7181e+03
-1.0000e+00   -1.7614e-04   5.6773e+03
-1.0500e+00   -1.8628e-04   5.6367e+03
-1.1000e+00   -1.9656e-04   5.5963e+03
-1.1500e+00   -2.0700e-04   5.5556e+03
-1.2000e+00   -2.1756e-04   5.5157e+03
-1.2500e+00   -2.2824e-04   5.4767e+03
-1.3000e+00   -2.3908e-04   5.4375e+03
-1.3500e+00   -2.5006e-04   5.3987e+03
-1.4000e+00   -2.6122e-04   5.3595e+03
-1.4500e+00   -2.7250e-04   5.3211e+03
-1.5000e+00   -2.8396e-04   5.2824e+03
-1.5500e+00   -2.9554e-04   5.2446e+03
-1.6000e+00   -3.0724e-04   5.2077e+03
-1.6500e+00   -3.1920e-04   5.1692e+03
-1.7000e+00   -3.3142e-04   5.1294e+03
-1.7500e+00   -3.4372e-04   5.0914e+03
-1.8000e+00   -3.5610e-04   5.0548e+03
-1.8500e+00   -3.6868e-04   5.0179e+03
-1.9000e+00   -3.8154e-04   4.9798e+03
-1.9500e+00   -3.9472e-04   4.9402e+03
-2.0000e+00   -4.0780e-04   4.9044e+03
-2.0500e+00   -4.2126e-04   4.8664e+03
-2.1000e+00   -4.3484e-04   4.8294e+03
-2.1500e+00   -4.5238e-04   4.7526e+03
-2.2000e+00   -5.1380e-04   4.2818e+03
-2.2500e+00   -5.2986e-04   4.2464e+03
-2.3000e+00   -5.4604e-04   4.2121e+03
-2.3500e+00   -5.6246e-04   4.1781e+03
-2.4000e+00   -5.7906e-04   4.1446e+03
-2.4500e+00   -5.9602e-04   4.1106e+03
-2.5000e+00   -6.1316e-04   4.0772e+03
-2.5500e+00   -6.3062e-04   4.0436e+03
-2.6000e+00   -6.4848e-04   4.0094e+03
-2.6500e+00   -6.6662e-04   3.9753e+03
-2.7000e+00   -6.8494e-04   3.9420e+03
-2.7500e+00   -7.0358e-04   3.9086e+03
-2.8000e+00   -7.2274e-04   3.8741e+03
-2.8500e+00   -7.4202e-04   3.8409e+03
-2.9000e+00   -7.6170e-04   3.8073e+03
-2.9500e+00   -1.9278e-03   1.5302e+03
-3.0000e+00   -2.0010e-03   1.4993e+03
-3.0500e+00   -2.0418e-03   1.4938e+03
-3.1000e+00   -2.0814e-03   1.4894e+03
-3.1500e+00   -2.1222e-03   1.4843e+03
-3.2000e+00   -2.1624e-03   1.4798e+03
-3.2500e+00   -2.2032e-03   1.4751e+03
-3.3000e+00   -2.2432e-03   1.4711e+03
-3.3500e+00   -2.2836e-03   1.4670e+03
-3.4000e+00   -2.3236e-03   1.4632e+03
-3.4500e+00   -2.3638e-03   1.4595e+03
-3.5000e+00   -2.4038e-03   1.4560e+03
-3.5500e+00   -2.4438e-03   1.4527e+03
-3.6000e+00   -2.5180e-03   1.4297e+03
-3.6500e+00   -2.5588e-03   1.4264e+03
-3.7000e+00   -2.6006e-03   1.4227e+03
-3.7500e+00   -2.6430e-03   1.4188e+03
-3.8000e+00   -2.6858e-03   1.4148e+03
-3.8500e+00   -3.5566e-03   1.0825e+03
-3.9000e+00   -3.6116e-03   1.0799e+03
-3.9500e+00   -3.6658e-03   1.0775e+03
-4.0000e+00   -3.7204e-03   1.0752e+03
-4.0000e+00   -3.7218e-03   1.0747e+03
-3.9500e+00   -3.6678e-03   1.0769e+03
-3.9000e+00   -3.6148e-03   1.0789e+03
-3.8500e+00   -3.5602e-03   1.0814e+03
-3.8000e+00   -3.5064e-03   1.0837e+03
-3.7500e+00   -3.4516e-03   1.0865e+03
-3.7000e+00   -3.3968e-03   1.0893e+03
-3.6500e+00   -3.3424e-03   1.0920e+03
-3.6000e+00   -3.2878e-03   1.0950e+03
-3.5500e+00   -3.2330e-03   1.0981e+03
-3.5000e+00   -3.1784e-03   1.1012e+03
-3.4500e+00   -3.1224e-03   1.1049e+03
-3.4000e+00   -3.0636e-03   1.1098e+03
-3.3500e+00   -2.9972e-03   1.1177e+03
-3.3000e+00   -2.9388e-03   1.1229e+03
-3.2500e+00   -2.8844e-03   1.1268e+03
-3.2000e+00   -2.8298e-03   1.1308e+03
-3.1500e+00   -2.7748e-03   1.1352e+03
-3.1000e+00   -2.7180e-03   1.1405e+03
-3.0500e+00   -2.6614e-03   1.1460e+03
-3.0000e+00   -2.5958e-03   1.1557e+03
-2.9500e+00   -2.5410e-03   1.1610e+03
-2.9000e+00   -2.4858e-03   1.1666e+03
-2.8500e+00   -2.4298e-03   1.1729e+03
-2.8000e+00   -2.3742e-03   1.1793e+03
-2.7500e+00   -2.3176e-03   1.1866e+03
-2.7000e+00   -2.2614e-03   1.1940e+03
-2.6500e+00   -2.2052e-03   1.2017e+03
-2.6000e+00   -2.1464e-03   1.2113e+03
-2.5500e+00   -2.0710e-03   1.2313e+03
-2.5000e+00   -2.0124e-03   1.2423e+03
-2.4500e+00   -1.9572e-03   1.2518e+03
-2.4000e+00   -1.9012e-03   1.2624e+03
-2.3500e+00   -1.8420e-03   1.2758e+03
-2.3000e+00   -1.7728e-03   1.2974e+03
-2.2500e+00   -1.7016e-03   1.3223e+03
-2.2000e+00   -1.6154e-03   1.3619e+03
-2.1500e+00   -1.5602e-03   1.3780e+03
-2.1000e+00   -1.5024e-03   1.3978e+03
-2.0500e+00   -1.4462e-03   1.4175e+03
-2.0000e+00   -1.3738e-03   1.4558e+03
-1.9500e+00   -1.3080e-03   1.4908e+03
-1.9000e+00   -1.2508e-03   1.5190e+03
-1.8500e+00   -1.1866e-03   1.5591e+03
-1.8000e+00   -1.1274e-03   1.5966e+03
-1.7500e+00   -9.0206e-04   1.9400e+03
-1.7000e+00   -8.6136e-04   1.9736e+03
-1.6500e+00   -8.2014e-04   2.0119e+03
-1.6000e+00   -5.1364e-04   3.1150e+03
-1.5500e+00   -4.6444e-04   3.3374e+03
-1.5000e+00   -2.8470e-04   5.2687e+03
-1.4500e+00   -2.7318e-04   5.3079e+03
-1.4000e+00   -2.6184e-04   5.3468e+03
-1.3500e+00   -2.5066e-04   5.3858e+03
-1.3000e+00   -2.3962e-04   5.4253e+03
-1.2500e+00   -2.2870e-04   5.4657e+03
-1.2000e+00   -2.1800e-04   5.5046e+03
-1.1500e+00   -2.0738e-04   5.5454e+03
-1.1000e+00   -1.9684e-04   5.5883e+03
-1.0500e+00   -1.8664e-04   5.6258e+03
-1.0000e+00   -1.7644e-04   5.6676e+03
-9.5000e-01   -1.6638e-04   5.7098e+03
-9.0000e-01   -1.5646e-04   5.7523e+03
-8.5000e-01   -1.4672e-04   5.7933e+03
-8.0000e-01   -1.3700e-04   5.8394e+03
-7.5000e-01   -1.2756e-04   5.8796e+03
-7.0000e-01   -1.1812e-04   5.9262e+03
-6.5000e-01   -1.0890e-04   5.9688e+03
-6.0000e-01   -9.9916e-05   6.0050e+03
-5.5000e-01   -9.0924e-05   6.0490e+03
-5.0000e-01   -8.2032e-05   6.0952e+03
-4.5000e-01   -7.3290e-05   6.1400e+03
-4.0000e-01   -6.4692e-05   6.1831e+03
-3.5000e-01   -5.6246e-05   6.2227e+03
-3.0000e-01   -4.7872e-05   6.2667e+03
-2.5000e-01   -3.9638e-05   6.3071e+03
-2.0000e-01   -3.1530e-05   6.3432e+03
-1.5000e-01   -2.3518e-05   6.3781e+03
-1.0000e-01   -1.5608e-05   6.4070e+03
-5.0000e-02   -7.7666e-06   6.4378e+03
0.0000e+00   3.8331e-08   0.0000e+00
