  Measurement Number     Measurement type
                   6                DC IV

      Measurement ID             SeriesID
       739599.785308                    0

         MeasureMode                Bias1                Bias2
                   2                    4                   -4

                Step  Positive compliance  Negative compliance
                0.05                  0.1                  0.1

  RealMeasuredPoints
                 324

        Bias        Current     Resistance
0.0000e+00   3.8133e-08   0.0000e+00
5.0000e-02   7.6419e-06   6.5429e+03
1.0000e-01   1.5290e-05   6.5402e+03
1.5000e-01   2.3018e-05   6.5166e+03
2.0000e-01   3.0790e-05   6.4956e+03
2.5000e-01   3.8694e-05   6.4610e+03
3.0000e-01   4.6734e-05   6.4193e+03
3.5000e-01   5.4898e-05   6.3755e+03
4.0000e-01   6.3170e-05   6.3321e+03
4.5000e-01   7.1572e-05   6.2874e+03
5.0000e-01   8.0064e-05   6.2450e+03
5.5000e-01   8.8770e-05   6.1958e+03
6.0000e-01   9.7556e-05   6.1503e+03
6.5000e-01   1.0645e-04   6.1063e+03
7.0000e-01   1.1566e-04   6.0522e+03
7.5000e-01   1.2486e-04   6.0067e+03
8.0000e-01   1.3418e-04   5.9621e+03
8.5000e-01   1.4360e-04   5.9192e+03
9.0000e-01   1.5316e-04   5.8762e+03
9.5000e-01   1.6282e-04   5.8347e+03
1.0000e+00   1.7262e-04   5.7931e+03
1.0500e+00   1.8254e-04   5.7522e+03
1.1000e+00   1.9260e-04   5.7113e+03
1.1500e+00   2.0286e-04   5.6689e+03
1.2000e+00   2.1320e-04   5.6285e+03
1.2500e+00   2.2364e-04   5.5893e+03
1.3000e+00   2.3422e-04   5.5503e+03
1.3500e+00   2.4504e-04   5.5093e+03
1.4000e+00   2.5586e-04   5.4717e+03
1.4500e+00   2.6698e-04   5.4311e+03
1.5000e+00   2.7818e-04   5.3922e+03
1.5500e+00   2.8968e-04   5.3507e+03
1.6000e+00   3.0118e-04   5.3124e+03
1.6500e+00   3.1256e-04   5.2790e+03
1.7000e+00   3.2438e-04   5.2408e+03
1.7500e+00   3.3632e-04   5.2034e+03
1.8000e+00   3.4824e-04   5.1688e+03
1.8500e+00   3.6056e-04   5.1309e+03
1.9000e+00   3.7306e-04   5.0930e+03
1.9500e+00   3.8584e-04   5.0539e+03
2.0000e+00   3.9838e-04   5.0203e+03
2.0500e+00   4.1158e-04   4.9808e+03
2.1000e+00   4.2478e-04   4.9437e+03
2.1500e+00   4.3818e-04   4.9067e+03
2.2000e+00   4.5614e-04   4.8231e+03
2.2500e+00   5.1536e-04   4.3659e+03
2.3000e+00   5.3130e-04   4.3290e+03
2.3500e+00   5.4722e-04   4.2944e+03
2.4000e+00   5.6436e-04   4.2526e+03
2.4500e+00   5.8060e-04   4.2198e+03
2.5000e+00   5.9740e-04   4.1848e+03
2.5500e+00   6.1444e-04   4.1501e+03
2.6000e+00   6.3170e-04   4.1159e+03
2.6500e+00   6.4888e-04   4.0840e+03
2.7000e+00   6.6650e-04   4.0510e+03
2.7500e+00   6.8434e-04   4.0185e+03
2.8000e+00   7.0252e-04   3.9857e+03
2.8500e+00   7.2102e-04   3.9527e+03
2.9000e+00   7.3972e-04   3.9204e+03
2.9500e+00   7.5858e-04   3.8888e+03
3.0000e+00   7.7784e-04   3.8568e+03
3.0500e+00   7.9794e-04   3.8223e+03
3.1000e+00   1.9706e-03   1.5731e+03
3.1500e+00   2.0142e-03   1.5639e+03
3.2000e+00   2.0562e-03   1.5563e+03
3.2500e+00   2.0990e-03   1.5484e+03
3.3000e+00   2.1426e-03   1.5402e+03
3.3500e+00   2.1842e-03   1.5337e+03
3.4000e+00   2.2264e-03   1.5271e+03
3.4500e+00   2.2670e-03   1.5218e+03
3.5000e+00   2.3078e-03   1.5166e+03
3.5500e+00   2.3496e-03   1.5109e+03
3.6000e+00   2.3906e-03   1.5059e+03
3.6500e+00   2.4328e-03   1.5003e+03
3.7000e+00   2.4746e-03   1.4952e+03
3.7500e+00   2.5162e-03   1.4903e+03
3.8000e+00   2.5906e-03   1.4668e+03
3.8500e+00   2.6342e-03   1.4615e+03
3.9000e+00   2.6774e-03   1.4566e+03
3.9500e+00   2.7200e-03   1.4522e+03
4.0000e+00   2.7632e-03   1.4476e+03
4.0000e+00   2.7646e-03   1.4469e+03
3.9500e+00   2.7238e-03   1.4502e+03
3.9000e+00   2.6844e-03   1.4528e+03
3.8500e+00   2.6446e-03   1.4558e+03
3.8000e+00   2.6048e-03   1.4588e+03
3.7500e+00   2.5648e-03   1.4621e+03
3.7000e+00   2.5238e-03   1.4660e+03
3.6500e+00   2.4842e-03   1.4693e+03
3.6000e+00   2.4434e-03   1.4734e+03
3.5500e+00   2.4030e-03   1.4773e+03
3.5000e+00   2.3608e-03   1.4825e+03
3.4500e+00   2.3196e-03   1.4873e+03
3.4000e+00   2.2786e-03   1.4921e+03
3.3500e+00   2.2378e-03   1.4970e+03
3.3000e+00   2.1970e-03   1.5020e+03
3.2500e+00   2.1558e-03   1.5076e+03
3.2000e+00   2.1154e-03   1.5127e+03
3.1500e+00   2.0744e-03   1.5185e+03
3.1000e+00   2.0332e-03   1.5247e+03
3.0500e+00   1.9920e-03   1.5311e+03
3.0000e+00   1.9378e-03   1.5481e+03
2.9500e+00   1.8978e-03   1.5544e+03
2.9000e+00   1.8564e-03   1.5622e+03
2.8500e+00   1.8158e-03   1.5696e+03
2.8000e+00   1.7748e-03   1.5776e+03
2.7500e+00   1.7330e-03   1.5868e+03
2.7000e+00   1.6920e-03   1.5957e+03
2.6500e+00   1.6498e-03   1.6063e+03
2.6000e+00   1.5928e-03   1.6323e+03
2.5500e+00   1.5524e-03   1.6426e+03
2.5000e+00   1.5124e-03   1.6530e+03
2.4500e+00   1.4718e-03   1.6646e+03
2.4000e+00   1.4316e-03   1.6764e+03
2.3500e+00   1.3908e-03   1.6897e+03
2.3000e+00   1.3502e-03   1.7035e+03
2.2500e+00   1.3074e-03   1.7210e+03
2.2000e+00   1.2658e-03   1.7380e+03
2.1500e+00   1.2234e-03   1.7574e+03
2.1000e+00   1.1668e-03   1.7998e+03
2.0500e+00   1.1232e-03   1.8251e+03
2.0000e+00   1.0758e-03   1.8591e+03
1.9500e+00   1.0324e-03   1.8888e+03
1.9000e+00   9.8440e-04   1.9301e+03
1.8500e+00   9.3886e-04   1.9705e+03
1.8000e+00   8.9008e-04   2.0223e+03
1.7500e+00   8.3948e-04   2.0846e+03
1.7000e+00   7.9430e-04   2.1402e+03
1.6500e+00   7.3524e-04   2.2442e+03
1.6000e+00   6.0782e-04   2.6324e+03
1.5500e+00   5.6954e-04   2.7215e+03
1.5000e+00   5.0532e-04   2.9684e+03
1.4500e+00   2.6968e-04   5.3767e+03
1.4000e+00   2.5850e-04   5.4159e+03
1.3500e+00   2.4754e-04   5.4537e+03
1.3000e+00   2.3662e-04   5.4940e+03
1.2500e+00   2.2594e-04   5.5324e+03
1.2000e+00   2.1534e-04   5.5726e+03
1.1500e+00   2.0488e-04   5.6130e+03
1.1000e+00   1.9458e-04   5.6532e+03
1.0500e+00   1.8438e-04   5.6948e+03
1.0000e+00   1.7434e-04   5.7359e+03
9.5000e-01   1.6442e-04   5.7779e+03
9.0000e-01   1.5468e-04   5.8185e+03
8.5000e-01   1.4508e-04   5.8588e+03
8.0000e-01   1.3556e-04   5.9014e+03
7.5000e-01   1.2614e-04   5.9458e+03
7.0000e-01   1.1688e-04   5.9890e+03
6.5000e-01   1.0780e-04   6.0297e+03
6.0000e-01   9.8632e-05   6.0832e+03
5.5000e-01   8.9740e-05   6.1288e+03
5.0000e-01   8.1012e-05   6.1719e+03
4.5000e-01   7.2404e-05   6.2151e+03
4.0000e-01   6.3894e-05   6.2604e+03
3.5000e-01   5.5556e-05   6.2999e+03
3.0000e-01   4.7320e-05   6.3398e+03
2.5000e-01   3.9206e-05   6.3766e+03
2.0000e-01   3.1202e-05   6.4098e+03
1.5000e-01   2.3310e-05   6.4350e+03
1.0000e-01   1.5488e-05   6.4566e+03
5.0000e-02   7.7525e-06   6.4495e+03
0.0000e+00   3.7680e-08   0.0000e+00
0.0000e+00   3.6597e-08   0.0000e+00
-5.0000e-02   -7.3439e-06   6.8084e+03
-1.0000e-01   -1.4740e-05   6.7843e+03
-1.5000e-01   -2.2214e-05   6.7525e+03
-2.0000e-01   -2.9762e-05   6.7200e+03
-2.5000e-01   -3.7424e-05   6.6802e+03
-3.0000e-01   -4.5148e-05   6.6448e+03
-3.5000e-01   -5.3018e-05   6.6015e+03
-4.0000e-01   -6.0948e-05   6.5630e+03
-4.5000e-01   -6.9052e-05   6.5168e+03
-5.0000e-01   -7.7236e-05   6.4737e+03
-5.5000e-01   -8.5574e-05   6.4272e+03
-6.0000e-01   -9.3980e-05   6.3843e+03
-6.5000e-01   -1.0251e-04   6.3411e+03
-7.0000e-01   -1.1120e-04   6.2952e+03
-7.5000e-01   -1.1980e-04   6.2604e+03
-8.0000e-01   -1.2862e-04   6.2199e+03
-8.5000e-01   -1.3762e-04   6.1764e+03
-9.0000e-01   -1.4676e-04   6.1325e+03
-9.5000e-01   -1.5592e-04   6.0929e+03
-1.0000e+00   -1.6522e-04   6.0525e+03
-1.0500e+00   -1.7454e-04   6.0158e+03
-1.1000e+00   -1.8416e-04   5.9731e+03
-1.1500e+00   -1.9388e-04   5.9315e+03
-1.2000e+00   -2.0358e-04   5.8945e+03
-1.2500e+00   -2.1344e-04   5.8564e+03
-1.3000e+00   -2.2354e-04   5.8155e+03
-1.3500e+00   -2.3372e-04   5.7761e+03
-1.4000e+00   -2.4390e-04   5.7401e+03
-1.4500e+00   -2.5438e-04   5.7001e+03
-1.5000e+00   -2.6496e-04   5.6612e+03
-1.5500e+00   -2.7556e-04   5.6249e+03
-1.6000e+00   -2.8632e-04   5.5882e+03
-1.6500e+00   -2.9702e-04   5.5552e+03
-1.7000e+00   -3.0822e-04   5.5155e+03
-1.7500e+00   -3.1978e-04   5.4725e+03
-1.8000e+00   -3.3106e-04   5.4371e+03
-1.8500e+00   -3.4230e-04   5.4046e+03
-1.9000e+00   -3.5378e-04   5.3706e+03
-1.9500e+00   -3.6578e-04   5.3311e+03
-2.0000e+00   -3.7766e-04   5.2958e+03
-2.0500e+00   -3.8964e-04   5.2613e+03
-2.1000e+00   -4.0172e-04   5.2275e+03
-2.1500e+00   -4.1376e-04   5.1962e+03
-2.2000e+00   -4.2896e-04   5.1287e+03
-2.2500e+00   -4.4222e-04   5.0880e+03
-2.3000e+00   -4.5618e-04   5.0419e+03
-2.3500e+00   -5.1328e-04   4.5784e+03
-2.4000e+00   -5.2738e-04   4.5508e+03
-2.4500e+00   -5.4336e-04   4.5090e+03
-2.5000e+00   -5.5822e-04   4.4785e+03
-2.5500e+00   -5.7432e-04   4.4400e+03
-2.6000e+00   -5.8992e-04   4.4074e+03
-2.6500e+00   -6.0542e-04   4.3771e+03
-2.7000e+00   -6.2234e-04   4.3385e+03
-2.7500e+00   -6.3884e-04   4.3047e+03
-2.8000e+00   -6.5538e-04   4.2723e+03
-2.8500e+00   -6.7122e-04   4.2460e+03
-2.9000e+00   -6.8800e-04   4.2151e+03
-2.9500e+00   -7.0474e-04   4.1859e+03
-3.0000e+00   -7.2222e-04   4.1539e+03
-3.0500e+00   -7.3930e-04   4.1255e+03
-3.1000e+00   -7.5800e-04   4.0897e+03
-3.1500e+00   -1.8142e-03   1.7363e+03
-3.2000e+00   -1.8298e-03   1.7488e+03
-3.2500e+00   -1.9016e-03   1.7091e+03
-3.3000e+00   -1.9660e-03   1.6785e+03
-3.3500e+00   -2.0246e-03   1.6546e+03
-3.4000e+00   -2.0616e-03   1.6492e+03
-3.4500e+00   -2.0756e-03   1.6622e+03
-3.5000e+00   -1.9992e-03   1.7507e+03
-3.5500e+00   -1.9846e-03   1.7888e+03
-3.6000e+00   -2.0058e-03   1.7948e+03
-3.6500e+00   -1.9740e-03   1.8490e+03
-3.7000e+00   -2.0552e-03   1.8003e+03
-3.7500e+00   -2.0822e-03   1.8010e+03
-3.8000e+00   -2.2356e-03   1.6998e+03
-3.8500e+00   -2.2318e-03   1.7251e+03
-3.9000e+00   -2.3302e-03   1.6737e+03
-3.9500e+00   -2.3486e-03   1.6819e+03
-4.0000e+00   -2.3434e-03   1.7069e+03
-4.0000e+00   -2.2828e-03   1.7522e+03
-3.9500e+00   -2.2350e-03   1.7673e+03
-3.9000e+00   -2.1812e-03   1.7880e+03
-3.8500e+00   -2.1202e-03   1.8159e+03
-3.8000e+00   -2.2624e-03   1.6796e+03
-3.7500e+00   -2.1584e-03   1.7374e+03
-3.7000e+00   -2.0860e-03   1.7737e+03
-3.6500e+00   -2.0138e-03   1.8125e+03
-3.6000e+00   -1.9366e-03   1.8589e+03
-3.5500e+00   -1.8856e-03   1.8827e+03
-3.5000e+00   -1.8332e-03   1.9092e+03
-3.4500e+00   -1.7858e-03   1.9319e+03
-3.4000e+00   -1.7314e-03   1.9637e+03
-3.3500e+00   -1.6856e-03   1.9874e+03
-3.3000e+00   -1.6422e-03   2.0095e+03
-3.2500e+00   -1.5758e-03   2.0624e+03
-3.2000e+00   -1.5230e-03   2.1011e+03
-3.1500e+00   -1.4616e-03   2.1552e+03
-3.1000e+00   -1.3916e-03   2.2277e+03
-3.0500e+00   -1.3476e-03   2.2633e+03
-3.0000e+00   -1.2984e-03   2.3105e+03
-2.9500e+00   -1.2278e-03   2.4027e+03
-2.9000e+00   -1.1656e-03   2.4880e+03
-2.8500e+00   -1.0780e-03   2.6438e+03
-2.8000e+00   -1.6214e-03   1.7269e+03
-2.7500e+00   -1.4800e-03   1.8581e+03
-2.7000e+00   -9.3948e-04   2.8739e+03
-2.6500e+00   -8.6226e-04   3.0733e+03
-2.6000e+00   -7.7870e-04   3.3389e+03
-2.5500e+00   -6.7578e-04   3.7734e+03
-2.5000e+00   -6.2480e-04   4.0013e+03
-2.4500e+00   -5.8392e-04   4.1958e+03
-2.4000e+00   -5.0492e-04   4.7532e+03
-2.3500e+00   -4.5288e-04   5.1890e+03
-2.3000e+00   -2.9414e-04   7.8194e+03
-2.2500e+00   -2.8218e-04   7.9736e+03
-2.2000e+00   -2.7146e-04   8.1043e+03
-2.1500e+00   -2.6314e-04   8.1706e+03
-2.1000e+00   -2.5440e-04   8.2547e+03
-2.0500e+00   -2.4572e-04   8.3428e+03
-2.0000e+00   -2.3522e-04   8.5027e+03
-1.9500e+00   -2.2506e-04   8.6644e+03
-1.9000e+00   -2.1334e-04   8.9060e+03
-1.8500e+00   -2.0488e-04   9.0297e+03
-1.8000e+00   -1.9466e-04   9.2469e+03
-1.7500e+00   -1.8610e-04   9.4035e+03
-1.7000e+00   -1.7854e-04   9.5217e+03
-1.6500e+00   -1.7002e-04   9.7047e+03
-1.6000e+00   -1.6388e-04   9.7632e+03
-1.5500e+00   -1.5688e-04   9.8802e+03
-1.5000e+00   -1.5134e-04   9.9115e+03
-1.4500e+00   -1.4552e-04   9.9643e+03
-1.4000e+00   -1.3886e-04   1.0082e+04
-1.3500e+00   -1.3162e-04   1.0257e+04
-1.3000e+00   -1.2572e-04   1.0340e+04
-1.2500e+00   -1.1812e-04   1.0582e+04
-1.2000e+00   -1.1270e-04   1.0648e+04
-1.1500e+00   -1.0652e-04   1.0796e+04
-1.1000e+00   -1.0138e-04   1.0850e+04
-1.0500e+00   -9.5370e-05   1.1010e+04
-1.0000e+00   -8.9926e-05   1.1120e+04
-9.5000e-01   -8.5218e-05   1.1148e+04
-9.0000e-01   -7.8700e-05   1.1436e+04
-8.5000e-01   -7.2996e-05   1.1644e+04
-8.0000e-01   -6.7868e-05   1.1788e+04
-7.5000e-01   -6.2786e-05   1.1945e+04
-7.0000e-01   -5.4442e-05   1.2858e+04
-6.5000e-01   -4.8316e-05   1.3453e+04
-6.0000e-01   -4.3960e-05   1.3649e+04
-5.5000e-01   -4.0040e-05   1.3736e+04
-5.0000e-01   -3.5934e-05   1.3914e+04
-4.5000e-01   -3.1834e-05   1.4136e+04
-4.0000e-01   -2.7980e-05   1.4296e+04
-3.5000e-01   -2.3812e-05   1.4698e+04
-3.0000e-01   -2.0076e-05   1.4943e+04
-2.5000e-01   -1.6534e-05   1.5120e+04
-2.0000e-01   -1.3084e-05   1.5286e+04
-1.5000e-01   -9.4561e-06   1.5863e+04
-1.0000e-01   -6.1620e-06   1.6228e+04
-5.0000e-02   -2.9501e-06   1.6949e+04
0.0000e+00   1.4556e-08   0.0000e+00
