  Measurement Number     Measurement type
                   9                DC IV

      Measurement ID             SeriesID
       739599.785843                    0

         MeasureMode                Bias1                Bias2
                   2                    4                   -4

                Step  Positive compliance  Negative compliance
                0.05                  0.1                  0.1

  RealMeasuredPoints
                 324

        Bias        Current     Resistance
0.0000e+00   3.9704e-08   0.0000e+00
5.0000e-02   7.8392e-06   6.3782e+03
1.0000e-01   1.5688e-05   6.3743e+03
1.5000e-01   2.3604e-05   6.3549e+03
2.0000e-01   3.1586e-05   6.3319e+03
2.5000e-01   3.9710e-05   6.2956e+03
3.0000e-01   4.7968e-05   6.2542e+03
3.5000e-01   5.6336e-05   6.2127e+03
4.0000e-01   6.4832e-05   6.1698e+03
4.5000e-01   7.3480e-05   6.1241e+03
5.0000e-01   8.2216e-05   6.0815e+03
5.5000e-01   9.1134e-05   6.0351e+03
6.0000e-01   1.0015e-04   5.9910e+03
6.5000e-01   1.0930e-04   5.9470e+03
7.0000e-01   1.1872e-04   5.8962e+03
7.5000e-01   1.2816e-04   5.8521e+03
8.0000e-01   1.3776e-04   5.8072e+03
8.5000e-01   1.4746e-04   5.7643e+03
9.0000e-01   1.5732e-04   5.7208e+03
9.5000e-01   1.6720e-04   5.6818e+03
1.0000e+00   1.7740e-04   5.6370e+03
1.0500e+00   1.8760e-04   5.5970e+03
1.1000e+00   1.9792e-04   5.5578e+03
1.1500e+00   2.0852e-04   5.5151e+03
1.2000e+00   2.1924e-04   5.4735e+03
1.2500e+00   2.2994e-04   5.4362e+03
1.3000e+00   2.4096e-04   5.3951e+03
1.3500e+00   2.5202e-04   5.3567e+03
1.4000e+00   2.6334e-04   5.3163e+03
1.4500e+00   2.7464e-04   5.2796e+03
1.5000e+00   2.8624e-04   5.2404e+03
1.5500e+00   2.9788e-04   5.2034e+03
1.6000e+00   3.0992e-04   5.1626e+03
1.6500e+00   3.2190e-04   5.1258e+03
1.7000e+00   3.3406e-04   5.0889e+03
1.7500e+00   3.4646e-04   5.0511e+03
1.8000e+00   3.5912e-04   5.0123e+03
1.8500e+00   3.7186e-04   4.9750e+03
1.9000e+00   3.8470e-04   4.9389e+03
1.9500e+00   3.9798e-04   4.8997e+03
2.0000e+00   4.1132e-04   4.8624e+03
2.0500e+00   4.2768e-04   4.7933e+03
2.1000e+00   4.4224e-04   4.7486e+03
2.1500e+00   4.5774e-04   4.6970e+03
2.2000e+00   5.1712e-04   4.2543e+03
2.2500e+00   5.3394e-04   4.2140e+03
2.3000e+00   5.5036e-04   4.1791e+03
2.3500e+00   5.6814e-04   4.1363e+03
2.4000e+00   5.8520e-04   4.1012e+03
2.4500e+00   6.0234e-04   4.0675e+03
2.5000e+00   6.2004e-04   4.0320e+03
2.5500e+00   6.3776e-04   3.9984e+03
2.6000e+00   6.5554e-04   3.9662e+03
2.6500e+00   6.7396e-04   3.9320e+03
2.7000e+00   6.9264e-04   3.8981e+03
2.7500e+00   7.1154e-04   3.8649e+03
2.8000e+00   7.3080e-04   3.8314e+03
2.8500e+00   7.5048e-04   3.7976e+03
2.9000e+00   1.9634e-03   1.4770e+03
2.9500e+00   2.0052e-03   1.4712e+03
3.0000e+00   2.0472e-03   1.4654e+03
3.0500e+00   2.0896e-03   1.4596e+03
3.1000e+00   2.1312e-03   1.4546e+03
3.1500e+00   2.1732e-03   1.4495e+03
3.2000e+00   2.2150e-03   1.4447e+03
3.2500e+00   2.2568e-03   1.4401e+03
3.3000e+00   2.2978e-03   1.4362e+03
3.3500e+00   2.3394e-03   1.4320e+03
3.4000e+00   2.3810e-03   1.4280e+03
3.4500e+00   2.4228e-03   1.4240e+03
3.5000e+00   2.4644e-03   1.4202e+03
3.5500e+00   2.5062e-03   1.4165e+03
3.6000e+00   2.5852e-03   1.3925e+03
3.6500e+00   2.6282e-03   1.3888e+03
3.7000e+00   2.6718e-03   1.3848e+03
3.7500e+00   2.7148e-03   1.3813e+03
3.8000e+00   3.6012e-03   1.0552e+03
3.8500e+00   3.6674e-03   1.0498e+03
3.9000e+00   3.7214e-03   1.0480e+03
3.9500e+00   3.7830e-03   1.0441e+03
4.0000e+00   3.8424e-03   1.0410e+03
4.0000e+00   3.8446e-03   1.0404e+03
3.9500e+00   3.7904e-03   1.0421e+03
3.9000e+00   3.7348e-03   1.0442e+03
3.8500e+00   3.6796e-03   1.0463e+03
3.8000e+00   3.6226e-03   1.0490e+03
3.7500e+00   3.5664e-03   1.0515e+03
3.7000e+00   3.5100e-03   1.0541e+03
3.6500e+00   3.4536e-03   1.0569e+03
3.6000e+00   3.3974e-03   1.0596e+03
3.5500e+00   3.3410e-03   1.0626e+03
3.5000e+00   3.2840e-03   1.0658e+03
3.4500e+00   3.2260e-03   1.0694e+03
3.4000e+00   3.1692e-03   1.0728e+03
3.3500e+00   3.1086e-03   1.0777e+03
3.3000e+00   3.0508e-03   1.0817e+03
3.2500e+00   2.9792e-03   1.0909e+03
3.2000e+00   2.9222e-03   1.0951e+03
3.1500e+00   2.8440e-03   1.1076e+03
3.1000e+00   2.7424e-03   1.1304e+03
3.0500e+00   2.6654e-03   1.1443e+03
3.0000e+00   2.6100e-03   1.1494e+03
2.9500e+00   2.5536e-03   1.1552e+03
2.9000e+00   2.4970e-03   1.1614e+03
2.8500e+00   2.4376e-03   1.1692e+03
2.8000e+00   2.3834e-03   1.1748e+03
2.7500e+00   2.3256e-03   1.1825e+03
2.7000e+00   2.2684e-03   1.1903e+03
2.6500e+00   2.2072e-03   1.2006e+03
2.6000e+00   2.1304e-03   1.2204e+03
2.5500e+00   2.0748e-03   1.2290e+03
2.5000e+00   2.0144e-03   1.2411e+03
2.4500e+00   1.9574e-03   1.2517e+03
2.4000e+00   1.9048e-03   1.2600e+03
2.3500e+00   1.8452e-03   1.2736e+03
2.3000e+00   1.7828e-03   1.2901e+03
2.2500e+00   1.7098e-03   1.3159e+03
2.2000e+00   1.6178e-03   1.3599e+03
2.1500e+00   1.5604e-03   1.3779e+03
2.1000e+00   1.5042e-03   1.3961e+03
2.0500e+00   1.4494e-03   1.4144e+03
2.0000e+00   1.3840e-03   1.4451e+03
1.9500e+00   1.3108e-03   1.4876e+03
1.9000e+00   1.2470e-03   1.5237e+03
1.8500e+00   1.1878e-03   1.5575e+03
1.8000e+00   1.1284e-03   1.5952e+03
1.7500e+00   1.0394e-03   1.6837e+03
1.7000e+00   8.6128e-04   1.9738e+03
1.6500e+00   8.1688e-04   2.0199e+03
1.6000e+00   5.1412e-04   3.1121e+03
1.5500e+00   4.7224e-04   3.2822e+03
1.5000e+00   2.8536e-04   5.2565e+03
1.4500e+00   2.7384e-04   5.2951e+03
1.4000e+00   2.6250e-04   5.3333e+03
1.3500e+00   2.5122e-04   5.3738e+03
1.3000e+00   2.4018e-04   5.4126e+03
1.2500e+00   2.2926e-04   5.4523e+03
1.2000e+00   2.1854e-04   5.4910e+03
1.1500e+00   2.0786e-04   5.5326e+03
1.1000e+00   1.9796e-04   5.5567e+03
1.0500e+00   1.8768e-04   5.5946e+03
1.0000e+00   1.7740e-04   5.6370e+03
9.5000e-01   1.6734e-04   5.6771e+03
9.0000e-01   1.5736e-04   5.7194e+03
8.5000e-01   1.4758e-04   5.7596e+03
8.0000e-01   1.3786e-04   5.8030e+03
7.5000e-01   1.2828e-04   5.8466e+03
7.0000e-01   1.1888e-04   5.8883e+03
6.5000e-01   1.0958e-04   5.9317e+03
6.0000e-01   1.0044e-04   5.9737e+03
5.5000e-01   9.1274e-05   6.0258e+03
5.0000e-01   8.2382e-05   6.0693e+03
4.5000e-01   7.3630e-05   6.1116e+03
4.0000e-01   6.5000e-05   6.1538e+03
3.5000e-01   5.6494e-05   6.1953e+03
3.0000e-01   4.8088e-05   6.2386e+03
2.5000e-01   3.9838e-05   6.2754e+03
2.0000e-01   3.1702e-05   6.3088e+03
1.5000e-01   2.3698e-05   6.3296e+03
1.0000e-01   1.5752e-05   6.3484e+03
5.0000e-02   7.8809e-06   6.3445e+03
0.0000e+00   4.0685e-08   0.0000e+00
0.0000e+00   3.6945e-08   0.0000e+00
-5.0000e-02   -7.7593e-06   6.4439e+03
-1.0000e-01   -1.5600e-05   6.4103e+03
-1.5000e-01   -2.3506e-05   6.3813e+03
-2.0000e-01   -3.1510e-05   6.3472e+03
-2.5000e-01   -3.9638e-05   6.3071e+03
-3.0000e-01   -4.7886e-05   6.2649e+03
-3.5000e-01   -5.6288e-05   6.2180e+03
-4.0000e-01   -6.4768e-05   6.1759e+03
-4.5000e-01   -7.3398e-05   6.1310e+03
-5.0000e-01   -8.2170e-05   6.0849e+03
-5.5000e-01   -9.1056e-05   6.0402e+03
-6.0000e-01   -1.0010e-04   5.9940e+03
-6.5000e-01   -1.0929e-04   5.9476e+03
-7.0000e-01   -1.1838e-04   5.9132e+03
-7.5000e-01   -1.2788e-04   5.8649e+03
-8.0000e-01   -1.3742e-04   5.8216e+03
-8.5000e-01   -1.4710e-04   5.7784e+03
-9.0000e-01   -1.5694e-04   5.7347e+03
-9.5000e-01   -1.6692e-04   5.6913e+03
-1.0000e+00   -1.7706e-04   5.6478e+03
-1.0500e+00   -1.8734e-04   5.6048e+03
-1.1000e+00   -1.9774e-04   5.5629e+03
-1.1500e+00   -2.0824e-04   5.5225e+03
-1.2000e+00   -2.1888e-04   5.4825e+03
-1.2500e+00   -2.2968e-04   5.4424e+03
-1.3000e+00   -2.4062e-04   5.4027e+03
-1.3500e+00   -2.5170e-04   5.3635e+03
-1.4000e+00   -2.6300e-04   5.3232e+03
-1.4500e+00   -2.7436e-04   5.2850e+03
-1.5000e+00   -2.8598e-04   5.2451e+03
-1.5500e+00   -2.9780e-04   5.2048e+03
-1.6000e+00   -3.0968e-04   5.1666e+03
-1.6500e+00   -3.2164e-04   5.1300e+03
-1.7000e+00   -3.3382e-04   5.0926e+03
-1.7500e+00   -3.4620e-04   5.0549e+03
-1.8000e+00   -3.5886e-04   5.0159e+03
-1.8500e+00   -3.7152e-04   4.9795e+03
-1.9000e+00   -3.8446e-04   4.9420e+03
-1.9500e+00   -3.9790e-04   4.9007e+03
-2.0000e+00   -4.1140e-04   4.8614e+03
-2.0500e+00   -4.2762e-04   4.7940e+03
-2.1000e+00   -4.4198e-04   4.7513e+03
-2.1500e+00   -4.5746e-04   4.6999e+03
-2.2000e+00   -5.1880e-04   4.2406e+03
-2.2500e+00   -5.3514e-04   4.2045e+03
-2.3000e+00   -5.5152e-04   4.1703e+03
-2.3500e+00   -5.6798e-04   4.1375e+03
-2.4000e+00   -5.8498e-04   4.1027e+03
-2.4500e+00   -6.0206e-04   4.0694e+03
-2.5000e+00   -6.1998e-04   4.0324e+03
-2.5500e+00   -6.3740e-04   4.0006e+03
-2.6000e+00   -6.5536e-04   3.9673e+03
-2.6500e+00   -6.7356e-04   3.9343e+03
-2.7000e+00   -6.9222e-04   3.9005e+03
-2.7500e+00   -7.1122e-04   3.8666e+03
-2.8000e+00   -7.3082e-04   3.8313e+03
-2.8500e+00   -7.5030e-04   3.7985e+03
-2.9000e+00   -1.9612e-03   1.4787e+03
-2.9500e+00   -2.0032e-03   1.4726e+03
-3.0000e+00   -2.0450e-03   1.4670e+03
-3.0500e+00   -2.0864e-03   1.4618e+03
-3.1000e+00   -2.1278e-03   1.4569e+03
-3.1500e+00   -2.1694e-03   1.4520e+03
-3.2000e+00   -2.2116e-03   1.4469e+03
-3.2500e+00   -2.2526e-03   1.4428e+03
-3.3000e+00   -2.2940e-03   1.4385e+03
-3.3500e+00   -2.3350e-03   1.4347e+03
-3.4000e+00   -2.3764e-03   1.4307e+03
-3.4500e+00   -2.4184e-03   1.4266e+03
-3.5000e+00   -2.4922e-03   1.4044e+03
-3.5500e+00   -2.5346e-03   1.4006e+03
-3.6000e+00   -2.5770e-03   1.3970e+03
-3.6500e+00   -2.6196e-03   1.3933e+03
-3.7000e+00   -2.6620e-03   1.3899e+03
-3.7500e+00   -2.7050e-03   1.3863e+03
-3.8000e+00   -3.6056e-03   1.0539e+03
-3.8500e+00   -3.6626e-03   1.0512e+03
-3.9000e+00   -3.7200e-03   1.0484e+03
-3.9500e+00   -3.7770e-03   1.0458e+03
-4.0000e+00   -3.8334e-03   1.0435e+03
-4.0000e+00   -3.8346e-03   1.0431e+03
-3.9500e+00   -3.7804e-03   1.0449e+03
-3.9000e+00   -3.7252e-03   1.0469e+03
-3.8500e+00   -3.6694e-03   1.0492e+03
-3.8000e+00   -3.6134e-03   1.0516e+03
-3.7500e+00   -3.5558e-03   1.0546e+03
-3.7000e+00   -3.4990e-03   1.0574e+03
-3.6500e+00   -3.4422e-03   1.0604e+03
-3.6000e+00   -3.3854e-03   1.0634e+03
-3.5500e+00   -3.3280e-03   1.0667e+03
-3.5000e+00   -3.2712e-03   1.0699e+03
-3.4500e+00   -3.2142e-03   1.0734e+03
-3.4000e+00   -3.1550e-03   1.0777e+03
-3.3500e+00   -3.0956e-03   1.0822e+03
-3.3000e+00   -3.0338e-03   1.0877e+03
-3.2500e+00   -2.9670e-03   1.0954e+03
-3.2000e+00   -2.9108e-03   1.0994e+03
-3.1500e+00   -2.8538e-03   1.1038e+03
-3.1000e+00   -2.7972e-03   1.1083e+03
-3.0500e+00   -2.7398e-03   1.1132e+03
-3.0000e+00   -2.6810e-03   1.1190e+03
-2.9500e+00   -2.6206e-03   1.1257e+03
-2.9000e+00   -2.5528e-03   1.1360e+03
-2.8500e+00   -2.4944e-03   1.1426e+03
-2.8000e+00   -2.4376e-03   1.1487e+03
-2.7500e+00   -2.3786e-03   1.1561e+03
-2.7000e+00   -2.3206e-03   1.1635e+03
-2.6500e+00   -2.2626e-03   1.1712e+03
-2.6000e+00   -2.2034e-03   1.1800e+03
-2.5500e+00   -2.1424e-03   1.1903e+03
-2.5000e+00   -2.0654e-03   1.2104e+03
-2.4500e+00   -2.0088e-03   1.2196e+03
-2.4000e+00   -1.9518e-03   1.2296e+03
-2.3500e+00   -1.8936e-03   1.2410e+03
-2.3000e+00   -1.8296e-03   1.2571e+03
-2.2500e+00   -1.7590e-03   1.2791e+03
-2.2000e+00   -1.6864e-03   1.3046e+03
-2.1500e+00   -1.5962e-03   1.3469e+03
-2.1000e+00   -1.5378e-03   1.3656e+03
-2.0500e+00   -1.4810e-03   1.3842e+03
-2.0000e+00   -1.4180e-03   1.4104e+03
-1.9500e+00   -1.3590e-03   1.4349e+03
-1.9000e+00   -1.2826e-03   1.4814e+03
-1.8500e+00   -1.2188e-03   1.5179e+03
-1.8000e+00   -1.1530e-03   1.5611e+03
-1.7500e+00   -1.0692e-03   1.6367e+03
-1.7000e+00   -8.7398e-04   1.9451e+03
-1.6500e+00   -8.3010e-04   1.9877e+03
-1.6000e+00   -7.6384e-04   2.0947e+03
-1.5500e+00   -5.1908e-04   2.9861e+03
-1.5000e+00   -2.8666e-04   5.2327e+03
-1.4500e+00   -2.7498e-04   5.2731e+03
-1.4000e+00   -2.6356e-04   5.3119e+03
-1.3500e+00   -2.5228e-04   5.3512e+03
-1.3000e+00   -2.4116e-04   5.3906e+03
-1.2500e+00   -2.3012e-04   5.4319e+03
-1.2000e+00   -2.1942e-04   5.4690e+03
-1.1500e+00   -2.0876e-04   5.5087e+03
-1.1000e+00   -1.9816e-04   5.5511e+03
-1.0500e+00   -1.8776e-04   5.5922e+03
-1.0000e+00   -1.7754e-04   5.6325e+03
-9.5000e-01   -1.6738e-04   5.6757e+03
-9.0000e-01   -1.5740e-04   5.7179e+03
-8.5000e-01   -1.4754e-04   5.7611e+03
-8.0000e-01   -1.3782e-04   5.8047e+03
-7.5000e-01   -1.2828e-04   5.8466e+03
-7.0000e-01   -1.1878e-04   5.8932e+03
-6.5000e-01   -1.0948e-04   5.9372e+03
-6.0000e-01   -1.0030e-04   5.9821e+03
-5.5000e-01   -9.1392e-05   6.0180e+03
-5.0000e-01   -8.2516e-05   6.0594e+03
-4.5000e-01   -7.3718e-05   6.1043e+03
-4.0000e-01   -6.5038e-05   6.1503e+03
-3.5000e-01   -5.6504e-05   6.1943e+03
-3.0000e-01   -4.8114e-05   6.2352e+03
-2.5000e-01   -3.9840e-05   6.2751e+03
-2.0000e-01   -3.1694e-05   6.3103e+03
-1.5000e-01   -2.3632e-05   6.3473e+03
-1.0000e-01   -1.5682e-05   6.3767e+03
-5.0000e-02   -7.8096e-06   6.4024e+03
0.0000e+00   3.7298e-08   0.0000e+00
