  Measurement Number     Measurement type
                   8                DC IV

      Measurement ID             SeriesID
       739599.801341                   10

         MeasureMode                Bias1                Bias2
                   2                   20                  -20

                Step  Positive compliance  Negative compliance
                 0.2                  0.1                  0.1

  RealMeasuredPoints
                 404

        Bias        Current     Resistance
0.0000e+00   7.4257e-08   0.0000e+00
2.0000e-01   1.2662e-05   1.5795e+04
4.0000e-01   2.5270e-05   1.5829e+04
6.0000e-01   3.7962e-05   1.5805e+04
8.0000e-01   5.0678e-05   1.5786e+04
1.0000e+00   6.3402e-05   1.5772e+04
1.2000e+00   7.6260e-05   1.5736e+04
1.4000e+00   8.9116e-05   1.5710e+04
1.6000e+00   1.0208e-04   1.5673e+04
1.8000e+00   1.1526e-04   1.5617e+04
2.0000e+00   1.2828e-04   1.5591e+04
2.2000e+00   1.4154e-04   1.5543e+04
2.4000e+00   1.5452e-04   1.5532e+04
2.6000e+00   1.6770e-04   1.5504e+04
2.8000e+00   1.8116e-04   1.5456e+04
3.0000e+00   1.9440e-04   1.5432e+04
3.2000e+00   2.0776e-04   1.5402e+04
3.4000e+00   2.2124e-04   1.5368e+04
3.6000e+00   2.3476e-04   1.5335e+04
3.8000e+00   2.4846e-04   1.5294e+04
4.0000e+00   2.6178e-04   1.5280e+04
4.2000e+00   2.7578e-04   1.5230e+04
4.4000e+00   2.8940e-04   1.5204e+04
4.6000e+00   3.0310e-04   1.5177e+04
4.8000e+00   3.1686e-04   1.5149e+04
5.0000e+00   3.3078e-04   1.5116e+04
5.2000e+00   3.4486e-04   1.5079e+04
5.4000e+00   3.5838e-04   1.5068e+04
5.6000e+00   3.7268e-04   1.5026e+04
5.8000e+00   3.8680e-04   1.4995e+04
6.0000e+00   4.0110e-04   1.4959e+04
6.2000e+00   4.1530e-04   1.4929e+04
6.4000e+00   4.2910e-04   1.4915e+04
6.6000e+00   4.4364e-04   1.4877e+04
6.8000e+00   4.5802e-04   1.4847e+04
7.0000e+00   4.7250e-04   1.4815e+04
7.2000e+00   4.8738e-04   1.4773e+04
7.4000e+00   5.0206e-04   1.4739e+04
7.6000e+00   5.1718e-04   1.4695e+04
7.8000e+00   5.3116e-04   1.4685e+04
8.0000e+00   5.4650e-04   1.4639e+04
8.2000e+00   5.6122e-04   1.4611e+04
8.4000e+00   5.7612e-04   1.4580e+04
8.6000e+00   5.9140e-04   1.4542e+04
8.8000e+00   6.0672e-04   1.4504e+04
9.0000e+00   6.2240e-04   1.4460e+04
9.2000e+00   6.3760e-04   1.4429e+04
9.4000e+00   6.5312e-04   1.4392e+04
9.6000e+00   6.6898e-04   1.4350e+04
9.8000e+00   6.8470e-04   1.4313e+04
1.0000e+01   7.3106e-04   1.3679e+04
1.0200e+01   7.5660e-04   1.3481e+04
1.0400e+01   7.9344e-04   1.3107e+04
1.0600e+01   8.2436e-04   1.2858e+04
1.0800e+01   8.4800e-04   1.2736e+04
1.1000e+01   8.8452e-04   1.2436e+04
1.1200e+01   9.1918e-04   1.2185e+04
1.1400e+01   9.4396e-04   1.2077e+04
1.1600e+01   9.7052e-04   1.1952e+04
1.1800e+01   1.0009e-03   1.1790e+04
1.2000e+01   1.0327e-03   1.1620e+04
1.2200e+01   1.0812e-03   1.1284e+04
1.2400e+01   1.1250e-03   1.1022e+04
1.2600e+01   1.1610e-03   1.0853e+04
1.2800e+01   1.1974e-03   1.0690e+04
1.3000e+01   1.2340e-03   1.0535e+04
1.3200e+01   1.2694e-03   1.0399e+04
1.3400e+01   1.3068e-03   1.0254e+04
1.3600e+01   1.3412e-03   1.0140e+04
1.3800e+01   1.6070e-03   8.5874e+03
1.4000e+01   1.6964e-03   8.2528e+03
1.4200e+01   1.7452e-03   8.1366e+03
1.4400e+01   1.7938e-03   8.0277e+03
1.4600e+01   1.8688e-03   7.8125e+03
1.4800e+01   1.9162e-03   7.7236e+03
1.5000e+01   1.9608e-03   7.6499e+03
1.5200e+01   1.9986e-03   7.6053e+03
1.5400e+01   2.0428e-03   7.5387e+03
1.5600e+01   2.0866e-03   7.4763e+03
1.5800e+01   2.1356e-03   7.3984e+03
1.6000e+01   2.1738e-03   7.3604e+03
1.6200e+01   2.2178e-03   7.3045e+03
1.6400e+01   2.2632e-03   7.2464e+03
1.6600e+01   2.3070e-03   7.1955e+03
1.6800e+01   2.3588e-03   7.1223e+03
1.7000e+01   2.4064e-03   7.0645e+03
1.7200e+01   2.4530e-03   7.0118e+03
1.7400e+01   2.4954e-03   6.9728e+03
1.7600e+01   2.5398e-03   6.9297e+03
1.7800e+01   2.6206e-03   6.7923e+03
1.8000e+01   2.6668e-03   6.7497e+03
1.8200e+01   2.7144e-03   6.7050e+03
1.8400e+01   2.7672e-03   6.6493e+03
1.8600e+01   2.8198e-03   6.5962e+03
1.8800e+01   2.8706e-03   6.5492e+03
1.9000e+01   2.9212e-03   6.5042e+03
1.9200e+01   2.9738e-03   6.4564e+03
1.9400e+01   3.0444e-03   6.3724e+03
1.9600e+01   3.1004e-03   6.3218e+03
1.9800e+01   3.1608e-03   6.2642e+03
2.0000e+01   3.2166e-03   6.2177e+03
2.0000e+01   3.2274e-03   6.1969e+03
1.9800e+01   3.1872e-03   6.2123e+03
1.9600e+01   3.1430e-03   6.2361e+03
1.9400e+01   3.0944e-03   6.2694e+03
1.9200e+01   3.0476e-03   6.3000e+03
1.9000e+01   3.0028e-03   6.3274e+03
1.8800e+01   2.9560e-03   6.3599e+03
1.8600e+01   2.9084e-03   6.3953e+03
1.8400e+01   2.8628e-03   6.4273e+03
1.8200e+01   2.8166e-03   6.4617e+03
1.8000e+01   2.7724e-03   6.4926e+03
1.7800e+01   2.7274e-03   6.5264e+03
1.7600e+01   2.6822e-03   6.5618e+03
1.7400e+01   2.6378e-03   6.5964e+03
1.7200e+01   2.5934e-03   6.6322e+03
1.7000e+01   2.5486e-03   6.6703e+03
1.6800e+01   2.5032e-03   6.7114e+03
1.6600e+01   2.4606e-03   6.7463e+03
1.6400e+01   2.4162e-03   6.7875e+03
1.6200e+01   2.3744e-03   6.8228e+03
1.6000e+01   2.3296e-03   6.8681e+03
1.5800e+01   2.2854e-03   6.9135e+03
1.5600e+01   2.2416e-03   6.9593e+03
1.5400e+01   2.1996e-03   7.0013e+03
1.5200e+01   2.1586e-03   7.0416e+03
1.5000e+01   2.1138e-03   7.0962e+03
1.4800e+01   2.0708e-03   7.1470e+03
1.4600e+01   2.0290e-03   7.1957e+03
1.4400e+01   1.9790e-03   7.2764e+03
1.4200e+01   1.9362e-03   7.3340e+03
1.4000e+01   1.8750e-03   7.4667e+03
1.3800e+01   1.8336e-03   7.5262e+03
1.3600e+01   1.7936e-03   7.5825e+03
1.3400e+01   1.7518e-03   7.6493e+03
1.3200e+01   1.7066e-03   7.7347e+03
1.3000e+01   1.6652e-03   7.8069e+03
1.2800e+01   1.6254e-03   7.8750e+03
1.2600e+01   1.5830e-03   7.9596e+03
1.2400e+01   1.5414e-03   8.0446e+03
1.2200e+01   1.4988e-03   8.1398e+03
1.2000e+01   1.4510e-03   8.2702e+03
1.1800e+01   1.4094e-03   8.3724e+03
1.1600e+01   1.3690e-03   8.4733e+03
1.1400e+01   1.3280e-03   8.5843e+03
1.1200e+01   1.2882e-03   8.6943e+03
1.1000e+01   1.2392e-03   8.8767e+03
1.0800e+01   1.1668e-03   9.2561e+03
1.0600e+01   1.1140e-03   9.5153e+03
1.0400e+01   1.0702e-03   9.7178e+03
1.0200e+01   1.0044e-03   1.0155e+04
1.0000e+01   8.5016e-04   1.1762e+04
9.8000e+00   8.1690e-04   1.1997e+04
9.6000e+00   7.1598e-04   1.3408e+04
9.4000e+00   6.9840e-04   1.3459e+04
9.2000e+00   6.7494e-04   1.3631e+04
9.0000e+00   6.5826e-04   1.3672e+04
8.8000e+00   6.4228e-04   1.3701e+04
8.6000e+00   6.2626e-04   1.3732e+04
8.4000e+00   6.1022e-04   1.3766e+04
8.2000e+00   5.9430e-04   1.3798e+04
8.0000e+00   5.7824e-04   1.3835e+04
7.8000e+00   5.6172e-04   1.3886e+04
7.6000e+00   5.4530e-04   1.3937e+04
7.4000e+00   5.2968e-04   1.3971e+04
7.2000e+00   5.1040e-04   1.4107e+04
7.0000e+00   4.9528e-04   1.4133e+04
6.8000e+00   4.8046e-04   1.4153e+04
6.6000e+00   4.6514e-04   1.4189e+04
6.4000e+00   4.5036e-04   1.4211e+04
6.2000e+00   4.3510e-04   1.4250e+04
6.0000e+00   4.2016e-04   1.4280e+04
5.8000e+00   4.0544e-04   1.4305e+04
5.6000e+00   3.9070e-04   1.4333e+04
5.4000e+00   3.7614e-04   1.4356e+04
5.2000e+00   3.6138e-04   1.4389e+04
5.0000e+00   3.4694e-04   1.4412e+04
4.8000e+00   3.3250e-04   1.4436e+04
4.6000e+00   3.1818e-04   1.4457e+04
4.4000e+00   3.0386e-04   1.4480e+04
4.2000e+00   2.8950e-04   1.4508e+04
4.0000e+00   2.7534e-04   1.4527e+04
3.8000e+00   2.6120e-04   1.4548e+04
3.6000e+00   2.4710e-04   1.4569e+04
3.4000e+00   2.3306e-04   1.4589e+04
3.2000e+00   2.1898e-04   1.4613e+04
3.0000e+00   2.0510e-04   1.4627e+04
2.8000e+00   1.9114e-04   1.4649e+04
2.6000e+00   1.7732e-04   1.4663e+04
2.4000e+00   1.6350e-04   1.4679e+04
2.2000e+00   1.4970e-04   1.4696e+04
2.0000e+00   1.3598e-04   1.4708e+04
1.8000e+00   1.2222e-04   1.4728e+04
1.6000e+00   1.0854e-04   1.4741e+04
1.4000e+00   9.4766e-05   1.4773e+04
1.2000e+00   8.1160e-05   1.4786e+04
1.0000e+00   6.7592e-05   1.4795e+04
8.0000e-01   5.4032e-05   1.4806e+04
6.0000e-01   4.0500e-05   1.4815e+04
4.0000e-01   2.7002e-05   1.4814e+04
2.0000e-01   1.3506e-05   1.4808e+04
0.0000e+00   7.9861e-08   0.0000e+00
0.0000e+00   7.6581e-08   0.0000e+00
-2.0000e-01   -1.2844e-05   1.5571e+04
-4.0000e-01   -2.5766e-05   1.5524e+04
-6.0000e-01   -3.8708e-05   1.5501e+04
-8.0000e-01   -5.1680e-05   1.5480e+04
-1.0000e+00   -6.4678e-05   1.5461e+04
-1.2000e+00   -7.7732e-05   1.5438e+04
-1.4000e+00   -9.0910e-05   1.5400e+04
-1.6000e+00   -1.0405e-04   1.5377e+04
-1.8000e+00   -1.1700e-04   1.5385e+04
-2.0000e+00   -1.3030e-04   1.5349e+04
-2.2000e+00   -1.4348e-04   1.5333e+04
-2.4000e+00   -1.5678e-04   1.5308e+04
-2.6000e+00   -1.7014e-04   1.5282e+04
-2.8000e+00   -1.8350e-04   1.5259e+04
-3.0000e+00   -1.9706e-04   1.5224e+04
-3.2000e+00   -2.1050e-04   1.5202e+04
-3.4000e+00   -2.2410e-04   1.5172e+04
-3.6000e+00   -2.3766e-04   1.5148e+04
-3.8000e+00   -2.5134e-04   1.5119e+04
-4.0000e+00   -2.6500e-04   1.5094e+04
-4.2000e+00   -2.7856e-04   1.5078e+04
-4.4000e+00   -2.9226e-04   1.5055e+04
-4.6000e+00   -3.0614e-04   1.5026e+04
-4.8000e+00   -3.2000e-04   1.5000e+04
-5.0000e+00   -3.3384e-04   1.4977e+04
-5.2000e+00   -3.4780e-04   1.4951e+04
-5.4000e+00   -3.6192e-04   1.4920e+04
-5.6000e+00   -3.7582e-04   1.4901e+04
-5.8000e+00   -3.8996e-04   1.4873e+04
-6.0000e+00   -4.0426e-04   1.4842e+04
-6.2000e+00   -4.1878e-04   1.4805e+04
-6.4000e+00   -4.3310e-04   1.4777e+04
-6.6000e+00   -4.4758e-04   1.4746e+04
-6.8000e+00   -4.6228e-04   1.4710e+04
-7.0000e+00   -4.7670e-04   1.4684e+04
-7.2000e+00   -4.9134e-04   1.4654e+04
-7.4000e+00   -5.0578e-04   1.4631e+04
-7.6000e+00   -5.2028e-04   1.4608e+04
-7.8000e+00   -5.3532e-04   1.4571e+04
-8.0000e+00   -5.4992e-04   1.4548e+04
-8.2000e+00   -5.6514e-04   1.4510e+04
-8.4000e+00   -5.8034e-04   1.4474e+04
-8.6000e+00   -5.9516e-04   1.4450e+04
-8.8000e+00   -6.1030e-04   1.4419e+04
-9.0000e+00   -6.2536e-04   1.4392e+04
-9.2000e+00   -6.4086e-04   1.4356e+04
-9.4000e+00   -6.5608e-04   1.4328e+04
-9.6000e+00   -6.7180e-04   1.4290e+04
-9.8000e+00   -6.8724e-04   1.4260e+04
-1.0000e+01   -7.0310e-04   1.4223e+04
-1.0200e+01   -7.2920e-04   1.3988e+04
-1.0400e+01   -7.4532e-04   1.3954e+04
-1.0600e+01   -7.6182e-04   1.3914e+04
-1.0800e+01   -7.7826e-04   1.3877e+04
-1.1000e+01   -7.9484e-04   1.3839e+04
-1.1200e+01   -8.1164e-04   1.3799e+04
-1.1400e+01   -8.3152e-04   1.3710e+04
-1.1600e+01   -8.4958e-04   1.3654e+04
-1.1800e+01   -8.6654e-04   1.3617e+04
-1.2000e+01   -8.8458e-04   1.3566e+04
-1.2200e+01   -9.0164e-04   1.3531e+04
-1.2400e+01   -9.1928e-04   1.3489e+04
-1.2600e+01   -9.3702e-04   1.3447e+04
-1.2800e+01   -9.5450e-04   1.3410e+04
-1.3000e+01   -9.7578e-04   1.3323e+04
-1.3200e+01   -9.9322e-04   1.3290e+04
-1.3400e+01   -1.0285e-03   1.3028e+04
-1.3600e+01   -1.0472e-03   1.2987e+04
-1.3800e+01   -1.0650e-03   1.2958e+04
-1.4000e+01   -1.0896e-03   1.2849e+04
-1.4200e+01   -1.1085e-03   1.2810e+04
-1.4400e+01   -1.1275e-03   1.2771e+04
-1.4600e+01   -1.1479e-03   1.2719e+04
-1.4800e+01   -1.1630e-03   1.2726e+04
-1.5000e+01   -1.1854e-03   1.2654e+04
-1.5200e+01   -2.0502e-03   7.4139e+03
-1.5400e+01   -2.0974e-03   7.3424e+03
-1.5600e+01   -2.1396e-03   7.2911e+03
-1.5800e+01   -2.1772e-03   7.2570e+03
-1.6000e+01   -2.2184e-03   7.2124e+03
-1.6200e+01   -2.2556e-03   7.1821e+03
-1.6400e+01   -2.3056e-03   7.1131e+03
-1.6600e+01   -2.3434e-03   7.0837e+03
-1.6800e+01   -2.3832e-03   7.0493e+03
-1.7000e+01   -2.4306e-03   6.9942e+03
-1.7200e+01   -2.4718e-03   6.9585e+03
-1.7400e+01   -2.5552e-03   6.8096e+03
-1.7600e+01   -2.6100e-03   6.7433e+03
-1.7800e+01   -2.6526e-03   6.7104e+03
-1.8000e+01   -2.6966e-03   6.6751e+03
-1.8200e+01   -2.7382e-03   6.6467e+03
-1.8400e+01   -1.6770e-03   1.0972e+04
-1.8600e+01   -2.8272e-03   6.5789e+03
-1.8800e+01   -2.8782e-03   6.5319e+03
-1.9000e+01   -2.9268e-03   6.4917e+03
-1.9200e+01   -2.9850e-03   6.4322e+03
-1.9400e+01   -3.0396e-03   6.3824e+03
-1.9600e+01   -3.0954e-03   6.3320e+03
-1.9800e+01   -3.1530e-03   6.2797e+03
-2.0000e+01   -3.2074e-03   6.2356e+03
-2.0000e+01   -3.2102e-03   6.2301e+03
-1.9800e+01   -3.1710e-03   6.2441e+03
-1.9600e+01   -3.1228e-03   6.2764e+03
-1.9400e+01   -1.9984e-03   9.7078e+03
-1.9200e+01   -1.9236e-03   9.9813e+03
-1.9000e+01   -3.1536e-03   6.0249e+03
-1.8800e+01   -3.1076e-03   6.0497e+03
-1.8600e+01   -3.0560e-03   6.0864e+03
-1.8400e+01   -3.0030e-03   6.1272e+03
-1.8200e+01   -2.9516e-03   6.1661e+03
-1.8000e+01   -2.8902e-03   6.2279e+03
-1.7800e+01   -2.8362e-03   6.2760e+03
-1.7600e+01   -2.7844e-03   6.3209e+03
-1.7400e+01   -2.7380e-03   6.3550e+03
-1.7200e+01   -2.6882e-03   6.3983e+03
-1.7000e+01   -2.6386e-03   6.4428e+03
-1.6800e+01   -2.5850e-03   6.4990e+03
-1.6600e+01   -2.5378e-03   6.5411e+03
-1.6400e+01   -2.4918e-03   6.5816e+03
-1.6200e+01   -2.4398e-03   6.6399e+03
-1.6000e+01   -2.3928e-03   6.6867e+03
-1.5800e+01   -2.3406e-03   6.7504e+03
-1.5600e+01   -2.2904e-03   6.8110e+03
-1.5400e+01   -2.2398e-03   6.8756e+03
-1.5200e+01   -2.1934e-03   6.9299e+03
-1.5000e+01   -2.1556e-03   6.9586e+03
-1.4800e+01   -2.1010e-03   7.0443e+03
-1.4600e+01   -2.0458e-03   7.1366e+03
-1.4400e+01   -1.9832e-03   7.2610e+03
-1.4200e+01   -1.9390e-03   7.3234e+03
-1.4000e+01   -1.8838e-03   7.4318e+03
-1.3800e+01   -1.8384e-03   7.5065e+03
-1.3600e+01   -1.7942e-03   7.5800e+03
-1.3400e+01   -1.7514e-03   7.6510e+03
-1.3200e+01   -1.7042e-03   7.7456e+03
-1.3000e+01   -1.6584e-03   7.8389e+03
-1.2800e+01   -1.6006e-03   7.9970e+03
-1.2600e+01   -1.5750e-03   8.0000e+03
-1.2400e+01   -1.5242e-03   8.1354e+03
-1.2200e+01   -1.4712e-03   8.2926e+03
-1.2000e+01   -1.4280e-03   8.4034e+03
-1.1800e+01   -1.3808e-03   8.5458e+03
-1.1600e+01   -1.3376e-03   8.6722e+03
-1.1400e+01   -1.2976e-03   8.7855e+03
-1.1200e+01   -1.2438e-03   9.0047e+03
-1.1000e+01   -1.1702e-03   9.4001e+03
-1.0800e+01   -1.1192e-03   9.6497e+03
-1.0600e+01   -1.0716e-03   9.8918e+03
-1.0400e+01   -1.0108e-03   1.0289e+04
-1.0200e+01   -9.1396e-04   1.1160e+04
-1.0000e+01   -7.2522e-04   1.3789e+04
-9.8000e+00   -7.0862e-04   1.3830e+04
-9.6000e+00   -6.9214e-04   1.3870e+04
-9.4000e+00   -6.7560e-04   1.3914e+04
-9.2000e+00   -6.5906e-04   1.3959e+04
-9.0000e+00   -6.4320e-04   1.3993e+04
-8.8000e+00   -6.2676e-04   1.4040e+04
-8.6000e+00   -6.1112e-04   1.4073e+04
-8.4000e+00   -5.9516e-04   1.4114e+04
-8.2000e+00   -5.7900e-04   1.4162e+04
-8.0000e+00   -5.6310e-04   1.4207e+04
-7.8000e+00   -5.4688e-04   1.4263e+04
-7.6000e+00   -5.3134e-04   1.4303e+04
-7.4000e+00   -5.1476e-04   1.4376e+04
-7.2000e+00   -4.9684e-04   1.4492e+04
-7.0000e+00   -4.8202e-04   1.4522e+04
-6.8000e+00   -4.6710e-04   1.4558e+04
-6.6000e+00   -4.5248e-04   1.4586e+04
-6.4000e+00   -4.3776e-04   1.4620e+04
-6.2000e+00   -4.2338e-04   1.4644e+04
-6.0000e+00   -4.0884e-04   1.4676e+04
-5.8000e+00   -3.9418e-04   1.4714e+04
-5.6000e+00   -3.7966e-04   1.4750e+04
-5.4000e+00   -3.6532e-04   1.4782e+04
-5.2000e+00   -3.5108e-04   1.4811e+04
-5.0000e+00   -3.3672e-04   1.4849e+04
-4.8000e+00   -3.2262e-04   1.4878e+04
-4.6000e+00   -3.0842e-04   1.4915e+04
-4.4000e+00   -2.9446e-04   1.4943e+04
-4.2000e+00   -2.8050e-04   1.4973e+04
-4.0000e+00   -2.6650e-04   1.5009e+04
-3.8000e+00   -2.5264e-04   1.5041e+04
-3.6000e+00   -2.3882e-04   1.5074e+04
-3.4000e+00   -2.2514e-04   1.5102e+04
-3.2000e+00   -2.1142e-04   1.5136e+04
-3.0000e+00   -1.9770e-04   1.5175e+04
-2.8000e+00   -1.8426e-04   1.5196e+04
-2.6000e+00   -1.7058e-04   1.5242e+04
-2.4000e+00   -1.5704e-04   1.5283e+04
-2.2000e+00   -1.4350e-04   1.5331e+04
-2.0000e+00   -1.3016e-04   1.5366e+04
-1.8000e+00   -1.1700e-04   1.5385e+04
-1.6000e+00   -1.0370e-04   1.5429e+04
-1.4000e+00   -9.0674e-05   1.5440e+04
-1.2000e+00   -7.7694e-05   1.5445e+04
-1.0000e+00   -6.4546e-05   1.5493e+04
-8.0000e-01   -5.1544e-05   1.5521e+04
-6.0000e-01   -3.8562e-05   1.5559e+04
-4.0000e-01   -2.5628e-05   1.5608e+04
-2.0000e-01   -1.2770e-05   1.5662e+04
0.0000e+00   7.5483e-08   0.0000e+00
