  Measurement Number     Measurement type
                   8               PQPUND

      Measurement ID                     
       739665.518698                     

          First Bias          Second Bias                Steps           Repetition
                   3                   -3                  100                    2

           Rump time     Rump Interg time            Wait Time     Wait Integr Time
              0.0001                5e-05               0.0001                5e-05

                  IV        Points number                  396
    Voltages     CurrentP     CurrentC
           0   4.1458e-07   3.8211e-07
    0.060606    4.333e-07   4.0679e-07
     0.12121   4.3432e-07   4.1371e-07
     0.18182   4.3942e-07   4.2171e-07
     0.24242   4.3549e-07   4.1863e-07
     0.30303   4.3558e-07   4.2145e-07
     0.36364   4.3988e-07   4.2695e-07
     0.42424   4.3673e-07   4.2507e-07
     0.48485   4.3897e-07   4.2728e-07
     0.54545    4.397e-07   4.2935e-07
     0.60606   4.3915e-07   4.2896e-07
     0.66667   4.4067e-07    4.298e-07
     0.72727   4.4194e-07   4.3162e-07
     0.78788   4.4317e-07   4.3158e-07
     0.84848   4.4586e-07   4.3244e-07
     0.90909   4.4519e-07   4.3272e-07
      0.9697   4.5102e-07   4.3766e-07
      1.0303   4.4822e-07   4.3301e-07
      1.0909   4.5006e-07   4.3415e-07
      1.1515   4.5637e-07   4.3708e-07
      1.2121   4.5381e-07   4.3402e-07
      1.2727   4.5679e-07   4.3451e-07
      1.3333   4.6273e-07    4.383e-07
      1.3939   4.5983e-07   4.3399e-07
      1.4545    4.624e-07   4.3446e-07
      1.5152    4.695e-07   4.3873e-07
      1.5758   4.6599e-07   4.3795e-07
      1.6364    4.715e-07   4.3669e-07
       1.697    4.813e-07   4.3843e-07
      1.7576   4.8291e-07   4.4054e-07
      1.8182     4.86e-07   4.4121e-07
      1.8788   4.8617e-07   4.4277e-07
      1.9394   4.8918e-07   4.4595e-07
           2   4.9375e-07   4.4574e-07
      2.0606   4.8206e-07   4.4742e-07
      2.1212   4.8766e-07   4.5432e-07
      2.1818   4.9384e-07   4.5054e-07
      2.2424   4.9407e-07   4.5214e-07
       2.303   5.0383e-07   4.5775e-07
      2.3636   4.9889e-07   4.5911e-07
      2.4242    4.974e-07   4.6001e-07
      2.4848   5.1096e-07   4.6071e-07
      2.5455   5.0977e-07    4.622e-07
      2.6061   5.3522e-07   4.6014e-07
      2.6667   5.1466e-07   4.6586e-07
      2.7273   5.0603e-07   4.7181e-07
      2.7879   5.1747e-07   4.7409e-07
      2.8485   5.1231e-07   4.7224e-07
      2.9091   5.8962e-07   4.7973e-07
      2.9697    5.087e-07    4.828e-07
      2.9697  -3.1987e-07  -3.6005e-07
      2.9091  -3.3528e-07  -3.8883e-07
      2.8485  -3.4676e-07  -3.9094e-07
      2.7879  -3.8459e-07  -3.9483e-07
      2.7273  -3.9853e-07  -4.0408e-07
      2.6667  -3.9857e-07   -4.037e-07
      2.6061  -4.0434e-07  -4.0594e-07
      2.5455  -4.0615e-07  -4.1021e-07
      2.4848  -4.0614e-07  -4.1035e-07
      2.4242  -4.0737e-07  -4.1114e-07
      2.3636  -4.1049e-07  -4.1266e-07
       2.303  -4.1159e-07  -4.1431e-07
      2.2424   -4.119e-07  -4.1443e-07
      2.1818   -4.136e-07  -4.1587e-07
      2.1212  -4.1888e-07  -4.1883e-07
      2.0606  -4.1556e-07  -4.1634e-07
           2  -4.1565e-07  -4.1603e-07
      1.9394  -4.1862e-07  -4.2062e-07
      1.8788  -4.1776e-07  -4.1882e-07
      1.8182   -4.176e-07  -4.1775e-07
      1.7576  -4.2171e-07  -4.2209e-07
       1.697  -4.1945e-07  -4.2036e-07
      1.6364  -4.2066e-07  -4.2063e-07
      1.5758  -4.2086e-07  -4.2168e-07
      1.5152  -4.2077e-07  -4.2111e-07
      1.4545  -4.2042e-07  -4.2089e-07
      1.3939  -4.2081e-07  -4.2165e-07
      1.3333   -4.218e-07  -4.2254e-07
      1.2727  -4.2003e-07  -4.2127e-07
      1.2121  -4.2125e-07  -4.2237e-07
      1.1515  -4.2556e-07  -4.2633e-07
      1.0909  -4.2278e-07  -4.2366e-07
      1.0303    -4.22e-07  -4.2341e-07
      0.9697  -4.2763e-07   -4.291e-07
     0.90909  -4.2534e-07  -4.2652e-07
     0.84848   -4.256e-07    -4.27e-07
     0.78788  -4.2735e-07  -4.2905e-07
     0.72727   -4.287e-07  -4.3005e-07
     0.66667  -4.2964e-07  -4.3034e-07
     0.60606  -4.3096e-07  -4.3329e-07
     0.54545  -4.3073e-07  -4.3252e-07
     0.48485  -4.3158e-07  -4.3477e-07
     0.42424  -4.3451e-07  -4.4259e-07
     0.36364  -4.3855e-07  -4.4572e-07
     0.30303  -4.4065e-07  -4.4801e-07
     0.24242  -4.4343e-07   -4.513e-07
     0.18182  -4.5069e-07  -4.5606e-07
     0.12121   -4.497e-07  -4.6423e-07
    0.060606  -4.5089e-07  -4.6015e-07
           0  -4.5734e-07  -4.5358e-07
   -0.060606  -4.5854e-07  -3.6098e-07
    -0.12121  -4.5275e-07  -3.8975e-07
    -0.18182  -4.6092e-07  -4.0052e-07
    -0.24242   -4.644e-07  -4.0079e-07
    -0.30303   -4.676e-07  -4.0176e-07
    -0.36364  -4.7432e-07  -4.0606e-07
    -0.42424  -4.7229e-07  -4.0764e-07
    -0.48485  -4.7388e-07  -4.1089e-07
    -0.54545  -4.7935e-07  -4.0975e-07
    -0.60606  -4.7531e-07  -4.1286e-07
    -0.66667  -4.7536e-07    -4.13e-07
    -0.72727  -4.8597e-07   -4.143e-07
    -0.78788  -4.8111e-07   -4.175e-07
    -0.84848  -5.1456e-07  -4.1626e-07
    -0.90909  -5.9261e-07   -4.163e-07
     -0.9697  -5.2725e-07  -4.2143e-07
     -1.0303  -5.6864e-07  -4.1927e-07
     -1.0909  -5.3466e-07  -4.1811e-07
     -1.1515  -5.4393e-07  -4.2296e-07
     -1.2121   -5.464e-07  -4.1939e-07
     -1.2727  -5.3087e-07  -4.1921e-07
     -1.3333   -5.037e-07  -4.2134e-07
     -1.3939  -4.8983e-07  -4.2077e-07
     -1.4545  -4.8785e-07  -4.2024e-07
     -1.5152  -4.9685e-07  -4.2146e-07
     -1.5758  -4.9087e-07  -4.2286e-07
     -1.6364  -5.3015e-07  -4.2203e-07
      -1.697   -5.177e-07  -4.2246e-07
     -1.7576   -4.963e-07  -4.2596e-07
     -1.8182  -5.1288e-07  -4.2388e-07
     -1.8788  -4.9853e-07  -4.2328e-07
     -1.9394  -5.2489e-07  -4.2862e-07
          -2  -5.4209e-07  -4.2718e-07
     -2.0606  -5.3391e-07  -4.2751e-07
     -2.1212  -5.4261e-07  -4.3027e-07
     -2.1818  -5.1461e-07  -4.3085e-07
     -2.2424  -5.1814e-07  -4.3095e-07
      -2.303  -5.3709e-07  -4.3497e-07
     -2.3636  -5.1288e-07  -4.3588e-07
     -2.4242  -5.0755e-07    -4.36e-07
     -2.4848  -4.8813e-07  -4.3625e-07
     -2.5455  -4.9023e-07  -4.3854e-07
     -2.6061  -4.9237e-07  -4.4121e-07
     -2.6667  -5.0133e-07  -4.4123e-07
     -2.7273  -5.1813e-07  -4.4801e-07
     -2.7879  -4.9649e-07   -4.443e-07
     -2.8485  -4.9687e-07  -4.4458e-07
     -2.9091  -4.9309e-07  -4.4954e-07
     -2.9697  -4.7986e-07  -4.5179e-07
     -2.9697   3.3936e-07   3.8312e-07
     -2.9091   3.9458e-07   4.1139e-07
     -2.8485   4.0047e-07   4.1236e-07
     -2.7879   4.0372e-07     4.16e-07
     -2.7273    4.136e-07   4.2161e-07
     -2.6667    4.142e-07   4.2082e-07
     -2.6061   4.1832e-07   4.2326e-07
     -2.5455   4.2494e-07    4.281e-07
     -2.4848   4.2382e-07    4.245e-07
     -2.4242   4.2433e-07   4.2697e-07
     -2.3636    4.269e-07    4.284e-07
      -2.303   4.2635e-07   4.2794e-07
     -2.2424   4.2737e-07   4.2797e-07
     -2.1818   4.2915e-07   4.2975e-07
     -2.1212   4.2974e-07   4.3137e-07
     -2.0606   4.3042e-07   4.3019e-07
          -2   4.3279e-07   4.3217e-07
     -1.9394   4.3448e-07   4.3456e-07
     -1.8788   4.3186e-07   4.3234e-07
     -1.8182   4.3319e-07   4.3399e-07
     -1.7576   4.3888e-07   4.3846e-07
      -1.697   4.3378e-07   4.3353e-07
     -1.6364    4.345e-07   4.3349e-07
     -1.5758   4.3749e-07    4.369e-07
     -1.5152   4.3611e-07   4.3556e-07
     -1.4545   4.3625e-07   4.3551e-07
     -1.3939   4.3771e-07   4.3557e-07
     -1.3333   4.3799e-07   4.3619e-07
     -1.2727    4.388e-07   4.3671e-07
     -1.2121   4.4013e-07   4.3777e-07
     -1.1515    4.403e-07   4.3847e-07
     -1.0909   4.3928e-07   4.3719e-07
     -1.0303   4.4194e-07    4.396e-07
     -0.9697   4.4409e-07   4.4166e-07
    -0.90909   4.4215e-07   4.4018e-07
    -0.84848   4.4407e-07   4.4162e-07
    -0.78788   4.5076e-07   4.4681e-07
    -0.72727   4.5551e-07   4.4447e-07
    -0.66667     4.46e-07   4.4492e-07
    -0.60606   4.5008e-07   4.5004e-07
    -0.54545   4.4769e-07   4.4649e-07
    -0.48485   4.5095e-07   4.4905e-07
    -0.42424   4.5489e-07   4.5503e-07
    -0.36364   4.5567e-07   4.5432e-07
    -0.30303   4.5738e-07   4.5817e-07
    -0.24242   4.6577e-07   4.6283e-07
    -0.18182   4.6492e-07    4.601e-07
    -0.12121   4.7108e-07   4.6146e-07
   -0.060606   4.7444e-07   4.6724e-07
           0   4.6017e-07   3.9119e-07
    0.060606   4.6788e-07   4.1165e-07
     0.12121   4.7913e-07    4.162e-07
     0.18182   4.8595e-07   4.2311e-07
     0.24242   4.9522e-07   4.2129e-07
     0.30303    4.929e-07   4.2117e-07
     0.36364   4.9775e-07   4.2573e-07
     0.42424   4.9329e-07    4.246e-07
     0.48485   4.8775e-07   4.2705e-07
     0.54545   4.9514e-07   4.2808e-07
     0.60606   4.9651e-07   4.2837e-07
     0.66667    4.979e-07   4.2974e-07
     0.72727   4.9917e-07   4.3076e-07
     0.78788   5.0603e-07   4.3147e-07
     0.84848   5.0264e-07   4.3191e-07
     0.90909   5.0228e-07   4.3345e-07
      0.9697   4.9908e-07    4.379e-07
      1.0303   4.9617e-07   4.3232e-07
      1.0909   5.0144e-07   4.3352e-07
      1.1515   5.0623e-07   4.3699e-07
      1.2121   4.9853e-07    4.345e-07
      1.2727   4.9843e-07   4.3415e-07
      1.3333   5.4775e-07   4.3802e-07
      1.3939   6.0232e-07   4.3388e-07
      1.4545   5.1663e-07   4.3488e-07
      1.5152   5.1502e-07   4.3879e-07
      1.5758   5.1801e-07   4.3611e-07
      1.6364   5.5636e-07   4.3502e-07
       1.697        5e-07   4.3782e-07
      1.7576    5.046e-07   4.3945e-07
      1.8182   5.0444e-07   4.3956e-07
      1.8788   5.0722e-07   4.3901e-07
      1.9394   5.0661e-07   4.4188e-07
           2   5.0623e-07   4.4263e-07
      2.0606   4.9769e-07   4.4223e-07
      2.1212   5.0185e-07   4.4688e-07
      2.1818    4.996e-07   4.4286e-07
      2.2424   5.0767e-07   4.4284e-07
       2.303    5.486e-07   4.4863e-07
      2.3636   4.9808e-07   4.4494e-07
      2.4242   5.0274e-07   4.4539e-07
      2.4848   5.1648e-07   4.5084e-07
      2.5455   5.1187e-07   4.5157e-07
      2.6061   5.0549e-07   4.5024e-07
      2.6667    5.175e-07   4.5251e-07
      2.7273   5.5347e-07   4.5501e-07
      2.7879   5.0412e-07   4.5562e-07
      2.8485   5.0756e-07   4.5647e-07
      2.9091   5.2148e-07   4.6117e-07
      2.9697   5.1589e-07   4.6137e-07
      2.9697  -3.2521e-07  -3.7242e-07
      2.9091  -3.6054e-07   -3.985e-07
      2.8485  -3.7452e-07  -3.9925e-07
      2.7879   -3.812e-07  -4.0094e-07
      2.7273  -3.9175e-07  -4.0754e-07
      2.6667   -3.927e-07  -4.0641e-07
      2.6061  -3.9692e-07  -4.0789e-07
      2.5455  -4.0272e-07  -4.1159e-07
      2.4848  -4.0325e-07  -4.1033e-07
      2.4242  -4.0414e-07  -4.0976e-07
      2.3636  -4.0748e-07  -4.1175e-07
       2.303  -4.0939e-07  -4.1303e-07
      2.2424  -4.0986e-07  -4.1309e-07
      2.1818  -4.1191e-07  -4.1298e-07
      2.1212  -4.1689e-07  -4.1751e-07
      2.0606   -4.135e-07  -4.1598e-07
           2  -4.1453e-07  -4.1562e-07
      1.9394  -4.1831e-07  -4.1853e-07
      1.8788   -4.172e-07  -4.1709e-07
      1.8182  -4.1685e-07  -4.1769e-07
      1.7576   -4.215e-07  -4.2207e-07
       1.697  -4.1895e-07  -4.1965e-07
      1.6364   -4.195e-07  -4.1995e-07
      1.5758   -4.204e-07  -4.2045e-07
      1.5152   -4.209e-07  -4.2091e-07
      1.4545  -4.1907e-07  -4.1939e-07
      1.3939  -4.1968e-07  -4.1962e-07
      1.3333  -4.2109e-07  -4.2126e-07
      1.2727  -4.2041e-07   -4.199e-07
      1.2121   -4.217e-07  -4.2067e-07
      1.1515  -4.2546e-07  -4.2414e-07
      1.0909  -4.2199e-07  -4.2153e-07
      1.0303  -4.2286e-07  -4.2196e-07
      0.9697  -4.2804e-07  -4.2761e-07
     0.90909  -4.2596e-07  -4.2364e-07
     0.84848  -4.2501e-07  -4.2428e-07
     0.78788  -4.2681e-07  -4.2647e-07
     0.72727  -4.2721e-07  -4.2701e-07
     0.66667  -4.2766e-07  -4.2754e-07
     0.60606  -4.3149e-07  -4.3034e-07
     0.54545  -4.3044e-07  -4.3116e-07
     0.48485  -4.3194e-07  -4.3369e-07
     0.42424  -4.3341e-07  -4.3078e-07
     0.36364  -4.3452e-07   -4.351e-07
     0.30303  -4.3283e-07  -4.3494e-07
     0.24242  -4.3596e-07   -4.385e-07
     0.18182  -4.3941e-07  -4.4183e-07
     0.12121  -4.4053e-07  -4.4257e-07
    0.060606  -4.4101e-07  -4.4034e-07
           0  -4.4643e-07  -4.4752e-07
   -0.060606  -4.4587e-07  -3.7046e-07
    -0.12121  -4.4493e-07  -3.9392e-07
    -0.18182  -4.4935e-07  -4.0234e-07
    -0.24242  -4.5027e-07  -4.0312e-07
    -0.30303   -4.515e-07   -4.065e-07
    -0.36364  -4.5539e-07  -4.1086e-07
    -0.42424  -4.5605e-07  -4.1226e-07
    -0.48485  -4.6959e-07  -4.1234e-07
    -0.54545  -4.6326e-07  -4.1204e-07
    -0.60606   -4.681e-07  -4.1637e-07
    -0.66667  -4.7837e-07  -4.1561e-07
    -0.72727  -4.7763e-07  -4.1461e-07
    -0.78788   -4.884e-07  -4.1736e-07
    -0.84848  -4.7957e-07  -4.1702e-07
    -0.90909  -5.2522e-07  -4.1698e-07
     -0.9697  -5.2769e-07  -4.2141e-07
     -1.0303  -5.2209e-07   -4.182e-07
     -1.0909  -5.1499e-07  -4.1819e-07
     -1.1515  -5.2025e-07  -4.2403e-07
     -1.2121  -5.2798e-07  -4.1958e-07
     -1.2727  -5.2215e-07  -4.1874e-07
     -1.3333  -5.1517e-07  -4.2115e-07
     -1.3939  -5.1951e-07  -4.2092e-07
     -1.4545  -5.1051e-07   -4.203e-07
     -1.5152  -5.0472e-07  -4.2111e-07
     -1.5758  -5.0859e-07   -4.237e-07
     -1.6364  -5.0406e-07   -4.223e-07
      -1.697  -5.0506e-07  -4.2303e-07
     -1.7576  -5.0404e-07  -4.2487e-07
     -1.8182  -5.1725e-07  -4.2386e-07
     -1.8788  -4.8442e-07  -4.2406e-07
     -1.9394  -5.0409e-07  -4.2848e-07
          -2  -5.0134e-07  -4.2657e-07
     -2.0606  -5.0095e-07  -4.2628e-07
     -2.1212  -5.0078e-07  -4.2978e-07
     -2.1818  -5.1682e-07  -4.2965e-07
     -2.2424  -5.1378e-07  -4.2923e-07
      -2.303  -4.9565e-07  -4.3251e-07
     -2.3636   -5.026e-07  -4.3177e-07
     -2.4242  -4.9643e-07  -4.3248e-07
     -2.4848   -5.079e-07  -4.3416e-07
     -2.5455  -5.0936e-07   -4.373e-07
     -2.6061  -4.9616e-07  -4.3687e-07
     -2.6667    -4.99e-07  -4.3628e-07
     -2.7273  -4.9353e-07  -4.4181e-07
     -2.7879  -4.9355e-07  -4.4249e-07
     -2.8485  -4.9597e-07  -4.4248e-07
     -2.9091  -5.0127e-07  -4.4606e-07
     -2.9697  -4.8968e-07  -4.4663e-07
     -2.9697   3.5413e-07   3.8406e-07
     -2.9091   3.8518e-07   4.1273e-07
     -2.8485   3.9137e-07   4.1365e-07
     -2.7879   4.0107e-07   4.1636e-07
     -2.7273     4.12e-07   4.2203e-07
     -2.6667   4.1219e-07   4.1892e-07
     -2.6061   4.1662e-07   4.2089e-07
     -2.5455   4.2269e-07    4.262e-07
     -2.4848   4.2126e-07   4.2287e-07
     -2.4242   4.2368e-07    4.253e-07
     -2.3636    4.244e-07    4.278e-07
      -2.303   4.2451e-07   4.2658e-07
     -2.2424    4.258e-07   4.2672e-07
     -2.1818   4.2805e-07   4.2919e-07
     -2.1212   4.2879e-07   4.3064e-07
     -2.0606   4.2804e-07   4.2955e-07
          -2   4.3001e-07   4.3045e-07
     -1.9394   4.3426e-07   4.3431e-07
     -1.8788   4.3103e-07   4.3222e-07
     -1.8182   4.3166e-07   4.3283e-07
     -1.7576   4.3648e-07     4.37e-07
      -1.697   4.3313e-07   4.3302e-07
     -1.6364   4.3363e-07   4.3351e-07
     -1.5758   4.3672e-07   4.3703e-07
     -1.5152   4.3428e-07   4.3471e-07
     -1.4545   4.3478e-07   4.3506e-07
     -1.3939   4.3684e-07   4.3557e-07
     -1.3333   4.3566e-07   4.3557e-07
     -1.2727   4.3605e-07   4.3566e-07
     -1.2121   4.3727e-07   4.3674e-07
     -1.1515   4.3916e-07   4.3848e-07
     -1.0909   4.3863e-07   4.3683e-07
     -1.0303   4.3985e-07   4.3844e-07
     -0.9697    4.414e-07   4.3983e-07
    -0.90909   4.4193e-07   4.3945e-07
    -0.84848   4.4221e-07   4.4173e-07
    -0.78788   4.4773e-07   4.4513e-07
    -0.72727   4.4421e-07   4.4261e-07
    -0.66667   4.4392e-07   4.4425e-07
    -0.60606   4.4875e-07   4.4744e-07
    -0.54545   4.4831e-07   4.4581e-07
    -0.48485   4.4864e-07   4.4615e-07
    -0.42424   4.5187e-07   4.4958e-07
    -0.36364   4.4706e-07   4.5145e-07
    -0.30303   4.6612e-07   4.5076e-07
    -0.24242   4.5267e-07   4.5382e-07
    -0.18182   4.6807e-07   4.5556e-07
    -0.12121   4.5679e-07   4.5981e-07
   -0.060606   4.6234e-07   4.6343e-07
             Leak IV        Points number                  396
    Voltages     CurrentP     CurrentC
   -0.030303  -7.8298e-08  -1.1237e-07
    0.030303   6.1032e-08   3.0965e-08
    0.090909   6.2618e-08   3.8209e-08
     0.15152   6.4041e-08   4.3842e-08
     0.21212   6.5378e-08   4.6349e-08
     0.27273   6.5145e-08   5.1633e-08
     0.33333   6.5519e-08   5.2036e-08
     0.39394   6.6878e-08   5.4516e-08
     0.45455   6.6526e-08   5.5928e-08
     0.51515   6.8032e-08   5.7858e-08
     0.57576   6.8031e-08   5.8393e-08
     0.63636   6.8839e-08   5.8259e-08
     0.69697   7.0108e-08   5.9916e-08
     0.75758    7.158e-08   6.1234e-08
     0.81818   7.1488e-08   6.1397e-08
     0.87879   7.3387e-08   6.1981e-08
     0.93939   7.4364e-08   6.1893e-08
           1   7.6991e-08   6.3321e-08
      1.0606   7.7615e-08   6.3057e-08
      1.1212    7.881e-08   6.3649e-08
      1.1818   8.1958e-08   6.3794e-08
      1.2424   8.5578e-08   6.3595e-08
       1.303   8.6119e-08   6.4322e-08
      1.3636   8.8016e-08   6.5177e-08
      1.4242   9.0207e-08   6.4461e-08
      1.4848   9.3298e-08   6.5134e-08
      1.5455   9.4212e-08   6.6413e-08
      1.6061   9.4579e-08   6.6958e-08
      1.6667   1.0222e-07   6.7187e-08
      1.7273   1.0794e-07   6.7691e-08
      1.7879    1.089e-07    6.924e-08
      1.8485   1.1284e-07   7.0528e-08
      1.9091   1.1351e-07   7.2087e-08
      1.9697   1.2002e-07   7.3192e-08
      2.0303   1.2122e-07   7.4919e-08
      2.0909   1.1039e-07   7.7689e-08
      2.1515   1.2316e-07   7.9619e-08
      2.2121   1.2696e-07    8.209e-08
      2.2727   1.2783e-07   8.3477e-08
      2.3333   1.3232e-07   8.6547e-08
      2.3939   1.2508e-07   8.8438e-08
      2.4545   1.3199e-07   8.8599e-08
      2.5152   1.3708e-07   8.8384e-08
      2.5758   1.3655e-07   8.8095e-08
      2.6364   1.4577e-07   9.2246e-08
       2.697   1.3388e-07    9.368e-08
      2.7576   1.3646e-07   9.8319e-08
      2.8182    1.415e-07   9.9774e-08
      2.8788   1.3987e-07   1.0348e-07
      2.9394   2.3777e-07    1.054e-07
           3   1.7794e-07   1.0814e-07
      2.9394   2.9493e-08  -3.7746e-08
      2.8788   5.6888e-09  -4.7216e-08
      2.8182  -3.9443e-08   -5.175e-08
      2.7576   -4.529e-08  -5.5101e-08
       2.697  -5.4113e-08  -5.8886e-08
      2.6364   -5.758e-08   -6.145e-08
      2.5758  -6.1349e-08  -6.3916e-08
      2.5152  -6.2615e-08  -6.7583e-08
      2.4545  -6.5559e-08  -6.8642e-08
      2.3939  -6.6706e-08  -6.9193e-08
      2.3333   -6.883e-08  -7.0572e-08
      2.2727  -7.0407e-08  -7.2431e-08
      2.2121  -7.1195e-08  -7.3426e-08
      2.1515  -7.2368e-08  -7.3891e-08
      2.0909  -7.3962e-08  -7.4058e-08
      2.0303  -7.3101e-08  -7.3887e-08
      1.9697  -7.4691e-08   -7.632e-08
      1.9091  -7.5683e-08  -7.6679e-08
      1.8485  -7.5617e-08   -7.653e-08
      1.7879  -7.5625e-08  -7.6353e-08
      1.7273  -7.7346e-08  -7.7202e-08
      1.6667  -7.7442e-08  -7.7505e-08
      1.6061  -7.7111e-08   -7.701e-08
      1.5455  -7.7151e-08  -7.7916e-08
      1.4848  -7.8229e-08  -7.8827e-08
      1.4242  -7.8465e-08  -7.8372e-08
      1.3636  -7.8538e-08  -7.8945e-08
       1.303  -7.8574e-08  -7.9685e-08
      1.2424  -7.9023e-08  -7.9929e-08
      1.1818  -8.0175e-08  -8.0999e-08
      1.1212   -8.174e-08  -8.1839e-08
      1.0606  -8.0755e-08   -8.143e-08
           1  -8.0691e-08  -8.1879e-08
     0.93939  -8.2787e-08  -8.4476e-08
     0.87879  -8.3492e-08  -8.4749e-08
     0.81818  -8.4169e-08  -8.5356e-08
     0.75758  -8.5497e-08  -8.5984e-08
     0.69697  -8.6203e-08  -8.7386e-08
     0.63636  -8.7591e-08   -8.918e-08
     0.57576  -8.7726e-08  -8.9392e-08
     0.51515  -8.8165e-08  -9.0288e-08
     0.45455  -9.1887e-08  -9.8309e-08
     0.39394  -9.4303e-08    -1.01e-07
     0.33333  -9.8366e-08  -1.0427e-07
     0.27273  -9.9339e-08  -1.0456e-07
     0.21212  -1.0334e-07  -1.0814e-07
     0.15152  -1.0628e-07   -1.118e-07
    0.090909  -1.0983e-07   -1.135e-07
    0.030303  -1.0754e-07  -1.1018e-07
   -0.030303  -1.1349e-07   1.0364e-07
   -0.090909  -1.1609e-07   -3.945e-08
    -0.15152  -1.1146e-07  -4.9792e-08
    -0.21212  -1.1154e-07  -5.6027e-08
    -0.27273  -1.2544e-07  -5.9729e-08
    -0.33333  -1.2731e-07  -6.1611e-08
    -0.39394   -1.293e-07  -6.3557e-08
    -0.45455  -1.5237e-07  -6.6055e-08
    -0.51515  -1.3247e-07  -6.7901e-08
    -0.57576  -1.3916e-07  -6.8864e-08
    -0.63636   -1.338e-07  -7.0013e-08
    -0.69697  -1.3813e-07  -7.1478e-08
    -0.75758  -1.4163e-07  -7.3125e-08
    -0.81818  -1.3847e-07  -7.4523e-08
    -0.87879  -1.4192e-07  -7.3797e-08
    -0.93939  -1.8725e-07  -7.5158e-08
          -1  -2.3634e-07  -7.6898e-08
     -1.0606  -1.7864e-07  -7.6737e-08
     -1.1212  -1.9128e-07  -7.6161e-08
     -1.1818   -1.916e-07  -7.7339e-08
     -1.2424  -2.0893e-07  -7.7512e-08
      -1.303  -1.8274e-07   -7.781e-08
     -1.3636  -1.4429e-07  -7.8799e-08
     -1.4242  -1.4148e-07   -7.799e-08
     -1.4848  -1.5738e-07  -7.9474e-08
     -1.5455  -1.5128e-07  -8.0097e-08
     -1.6061   -1.804e-07  -7.9752e-08
     -1.6667   -1.688e-07  -7.9811e-08
     -1.7273  -1.4493e-07  -8.1426e-08
     -1.7879  -1.6755e-07  -8.2987e-08
     -1.8485  -1.8302e-07  -8.2205e-08
     -1.9091   -1.418e-07  -8.2479e-08
     -1.9697  -1.9236e-07  -8.4116e-08
     -2.0303  -2.1619e-07  -8.5857e-08
     -2.0909  -1.8694e-07  -8.5808e-08
     -2.1515  -1.8622e-07     -8.7e-08
     -2.2121  -1.8247e-07  -8.8727e-08
     -2.2727  -1.6286e-07  -9.0154e-08
     -2.3333  -1.5888e-07  -9.2287e-08
     -2.3939  -1.5981e-07  -9.2751e-08
     -2.4545  -1.5139e-07  -9.6261e-08
     -2.5152  -1.4187e-07   -9.422e-08
     -2.5758  -1.3186e-07  -9.6523e-08
     -2.6364  -1.5374e-07  -9.8853e-08
      -2.697  -1.5891e-07   -9.966e-08
     -2.7576  -1.6221e-07       -1e-07
     -2.8182  -1.4167e-07  -1.0066e-07
     -2.8788  -1.4474e-07  -1.0274e-07
     -2.9394   -1.379e-07  -1.0856e-07
          -3  -1.7073e-07  -1.0722e-07
     -2.9394   8.8046e-09   3.3418e-08
     -2.8788   2.5924e-08    4.145e-08
     -2.8182   2.9781e-08   4.4347e-08
     -2.7576   3.5951e-08   4.5988e-08
      -2.697   4.1486e-08    4.811e-08
     -2.6364   4.4987e-08   5.1561e-08
     -2.5758   5.0134e-08   5.3256e-08
     -2.5152   5.2892e-08   5.4205e-08
     -2.4545   5.3135e-08   5.5018e-08
     -2.3939   5.4266e-08   5.7343e-08
     -2.3333   5.6328e-08   5.8231e-08
     -2.2727   5.6283e-08   5.7904e-08
     -2.2121   5.8283e-08   5.8549e-08
     -2.1515   5.9064e-08   5.9737e-08
     -2.0909   5.9038e-08   6.1495e-08
     -2.0303   6.1404e-08   6.1651e-08
     -1.9697   6.1355e-08    6.177e-08
     -1.9091   6.1369e-08   6.1982e-08
     -1.8485   6.1738e-08   6.2534e-08
     -1.7879   6.3245e-08   6.3177e-08
     -1.7273   6.4352e-08   6.3623e-08
     -1.6667   6.3446e-08   6.3475e-08
     -1.6061   6.4288e-08   6.3941e-08
     -1.5455   6.4886e-08   6.4903e-08
     -1.4848   6.5822e-08   6.4676e-08
     -1.4242   6.5839e-08   6.4972e-08
     -1.3636   6.5936e-08   6.4505e-08
      -1.303   6.6932e-08   6.5745e-08
     -1.2424   6.9205e-08   6.6432e-08
     -1.1818   6.9059e-08   6.6406e-08
     -1.1212   6.9654e-08   6.7204e-08
     -1.0606   7.3971e-08   6.8316e-08
          -1   7.1927e-08   6.9439e-08
    -0.93939   7.2724e-08   7.0342e-08
    -0.87879   7.2565e-08   7.0413e-08
    -0.81818    7.783e-08   7.2341e-08
    -0.75758   8.4902e-08    7.398e-08
    -0.69697   7.6802e-08    7.438e-08
    -0.63636   7.6513e-08   7.5906e-08
    -0.57576   7.8588e-08   7.8088e-08
    -0.51515   7.9544e-08   7.9754e-08
    -0.45455   8.2723e-08   8.2508e-08
    -0.39394   8.4456e-08   8.4048e-08
    -0.33333   8.4836e-08   8.3713e-08
    -0.27273   8.8123e-08   8.8418e-08
    -0.21212   9.5035e-08   9.0295e-08
    -0.15152    9.777e-08   9.0098e-08
   -0.090909   1.0177e-07   9.5687e-08
   -0.030303   4.2133e-08   -1.028e-07
    0.030303   9.6346e-08   3.9051e-08
    0.090909   1.0684e-07   4.4903e-08
     0.15152   1.0995e-07   4.5826e-08
     0.21212    1.113e-07   5.0793e-08
     0.27273   1.1928e-07   4.9741e-08
     0.33333   1.2026e-07   5.1851e-08
     0.39394   1.1692e-07    5.487e-08
     0.45455   1.1797e-07   5.5803e-08
     0.51515   1.2066e-07   5.6342e-08
     0.57576   1.2311e-07   5.6926e-08
     0.63636    1.301e-07   5.8122e-08
     0.69697    1.363e-07   5.9979e-08
     0.75758   1.3138e-07   6.0718e-08
     0.81818   1.3136e-07   6.0945e-08
     0.87879   1.2972e-07    6.103e-08
     0.93939   2.1018e-07   6.2867e-08
           1   1.2952e-07   6.3742e-08
      1.0606   1.2937e-07   6.2406e-08
      1.1212   1.2965e-07   6.2812e-08
      1.1818   1.2548e-07   6.4168e-08
      1.2424   1.2557e-07   6.4174e-08
       1.303    1.288e-07   6.4023e-08
      1.3636   1.3918e-07    6.453e-08
      1.4242    1.847e-07   6.4891e-08
      1.4848   1.3954e-07   6.5301e-08
      1.5455   1.3791e-07   6.5802e-08
      1.6061   1.8593e-07    6.553e-08
      1.6667   1.3733e-07   6.6541e-08
      1.7273   1.2836e-07   6.7145e-08
      1.7879   1.2929e-07   6.8109e-08
      1.8485   1.3115e-07   6.7359e-08
      1.9091   1.3202e-07    6.803e-08
      1.9697   1.3176e-07   6.9802e-08
      2.0303   1.2399e-07   7.1012e-08
      2.0909   1.2787e-07   7.1389e-08
      2.1515   1.2817e-07   7.2544e-08
      2.2121   1.2957e-07   7.2865e-08
      2.2727   1.6569e-07   7.4816e-08
      2.3333   1.8906e-07   7.5131e-08
      2.3939   1.2715e-07   7.5063e-08
      2.4545   1.3431e-07   7.5561e-08
      2.5152   1.3773e-07   7.7025e-08
      2.5758   1.3069e-07   7.9279e-08
      2.6364   1.3456e-07   8.0833e-08
       2.697   1.4495e-07    8.098e-08
      2.7576   1.7992e-07   8.3757e-08
      2.8182   1.3982e-07   8.4389e-08
      2.8788    1.428e-07   8.5643e-08
      2.9394   1.4797e-07   8.7274e-08
           3    1.892e-07   8.8059e-08
      2.9394   -5.117e-09  -4.9469e-08
      2.8788  -2.6405e-08  -5.6465e-08
      2.8182  -3.4639e-08  -5.7777e-08
      2.7576  -4.1396e-08  -5.9927e-08
       2.697  -4.6735e-08  -6.2479e-08
      2.6364  -5.1207e-08  -6.4101e-08
      2.5758  -5.4899e-08  -6.5118e-08
      2.5152  -5.9689e-08  -6.7479e-08
      2.4545  -6.2097e-08  -6.8018e-08
      2.3939  -6.2902e-08  -6.8911e-08
      2.3333  -6.6146e-08  -7.0693e-08
      2.2727  -6.7343e-08  -7.1468e-08
      2.2121  -6.9181e-08   -7.211e-08
      2.1515  -7.0932e-08  -7.2319e-08
      2.0909  -7.2077e-08  -7.3398e-08
      2.0303  -7.2115e-08  -7.4951e-08
      1.9697  -7.3681e-08  -7.5304e-08
      1.9091  -7.4496e-08  -7.5545e-08
      1.8485  -7.4725e-08  -7.5326e-08
      1.7879  -7.5759e-08  -7.6301e-08
      1.7273  -7.6937e-08  -7.7592e-08
      1.6667  -7.6952e-08   -7.701e-08
      1.6061  -7.6431e-08  -7.6671e-08
      1.5455  -7.7136e-08   -7.775e-08
      1.4848  -7.8355e-08  -7.8159e-08
      1.4242  -7.7797e-08  -7.8159e-08
      1.3636  -7.7883e-08  -7.7952e-08
       1.303  -7.9126e-08  -7.8448e-08
      1.2424  -7.9045e-08  -7.9303e-08
      1.1818  -7.9683e-08  -7.9562e-08
      1.1212  -8.0028e-08  -8.0584e-08
      1.0606  -8.0475e-08  -8.0338e-08
           1  -8.0962e-08  -8.1069e-08
     0.93939  -8.3479e-08   -8.223e-08
     0.87879  -8.3395e-08  -8.2078e-08
     0.81818  -8.3365e-08  -8.2836e-08
     0.75758  -8.4258e-08  -8.4664e-08
     0.69697  -8.4996e-08  -8.5478e-08
     0.63636  -8.6439e-08  -8.6011e-08
     0.57576  -8.7501e-08  -8.7478e-08
     0.51515  -8.8759e-08   -8.947e-08
     0.45455   -9.084e-08  -9.0349e-08
     0.39394  -9.2421e-08  -9.0237e-08
     0.33333  -9.1941e-08  -9.2395e-08
     0.27273  -9.2338e-08  -9.4034e-08
     0.21212  -9.3998e-08  -9.7355e-08
     0.15152   -9.641e-08  -9.7654e-08
    0.090909  -9.9985e-08  -9.8447e-08
    0.030303   -9.907e-08  -9.9429e-08
   -0.030303  -1.0305e-07   9.4067e-08
   -0.090909   -1.006e-07  -4.5742e-08
    -0.15152    -1.03e-07  -5.6307e-08
    -0.21212  -1.0625e-07  -6.0201e-08
    -0.27273  -1.0792e-07  -6.3726e-08
    -0.33333  -1.1405e-07  -6.6196e-08
    -0.39394  -1.1174e-07  -6.8736e-08
    -0.45455  -1.1388e-07  -6.9932e-08
    -0.51515  -1.1752e-07  -7.1987e-08
    -0.57576  -1.2097e-07  -7.1425e-08
    -0.63636  -1.2545e-07  -7.3685e-08
    -0.69697  -1.3497e-07  -7.3793e-08
    -0.75758  -1.2805e-07  -7.3908e-08
    -0.81818  -1.4199e-07  -7.5051e-08
    -0.87879  -1.8463e-07  -7.5655e-08
    -0.93939  -1.7477e-07   -7.638e-08
          -1  -1.6884e-07  -7.6971e-08
     -1.0606  -1.7336e-07  -7.7008e-08
     -1.1212  -1.6653e-07  -7.6668e-08
     -1.1818  -1.7057e-07  -7.8806e-08
     -1.2424  -1.6103e-07   -7.824e-08
      -1.303  -1.8158e-07  -7.7963e-08
     -1.3636  -1.9823e-07  -7.8672e-08
     -1.4242  -1.7225e-07  -7.8896e-08
     -1.4848  -1.7081e-07  -7.9332e-08
     -1.5455  -1.5751e-07  -7.9661e-08
     -1.6061  -1.5922e-07   -7.983e-08
     -1.6667  -1.6009e-07  -8.0565e-08
     -1.7273   -1.618e-07  -8.1205e-08
     -1.7879  -1.7457e-07  -8.2756e-08
     -1.8485  -1.5626e-07  -8.2148e-08
     -1.9091  -1.5485e-07  -8.3468e-08
     -1.9697  -1.5912e-07  -8.4747e-08
     -2.0303  -1.5895e-07  -8.4656e-08
     -2.0909  -1.4932e-07   -8.546e-08
     -2.1515  -1.6628e-07   -8.691e-08
     -2.2121  -1.5337e-07  -8.8671e-08
     -2.2727   -1.657e-07  -8.8344e-08
     -2.3333  -1.7017e-07  -8.9241e-08
     -2.3939   -1.543e-07  -9.0827e-08
     -2.4545  -1.6277e-07  -9.2022e-08
     -2.5152  -1.5748e-07  -9.3568e-08
     -2.5758  -1.5766e-07   -9.433e-08
     -2.6364  -1.5349e-07  -9.4721e-08
      -2.697  -1.5278e-07  -9.5764e-08
     -2.7576  -1.4628e-07  -9.9325e-08
     -2.8182  -1.5172e-07  -9.9671e-08
     -2.8788  -1.4422e-07  -1.0142e-07
     -2.9394  -1.5143e-07  -1.0289e-07
          -3  -1.4969e-07  -1.0521e-07
     -2.9394   4.1393e-09   3.5913e-08
     -2.8788   1.9835e-08   4.2468e-08
     -2.8182   2.6892e-08   4.4209e-08
     -2.7576   3.3632e-08   4.6368e-08
      -2.697   4.3092e-08   4.8346e-08
     -2.6364   4.4546e-08   4.9643e-08
     -2.5758   4.7666e-08   5.1747e-08
     -2.5152   4.9886e-08   5.2949e-08
     -2.4545   5.1469e-08   5.3758e-08
     -2.3939   5.2894e-08   5.5919e-08
     -2.3333   5.3997e-08   5.6629e-08
     -2.2727   5.5243e-08   5.6983e-08
     -2.2121   5.6594e-08    5.702e-08
     -2.1515   5.7207e-08    5.881e-08
     -2.0909   5.8814e-08   6.0582e-08
     -2.0303   5.9237e-08   6.0374e-08
     -1.9697   6.0328e-08    6.083e-08
     -1.9091   6.1383e-08    6.215e-08
     -1.8485   6.0819e-08   6.1918e-08
     -1.7879   6.1547e-08   6.2597e-08
     -1.7273   6.3189e-08   6.3205e-08
     -1.6667   6.3614e-08   6.3649e-08
     -1.6061   6.3635e-08   6.4374e-08
     -1.5455    6.314e-08   6.4285e-08
     -1.4848   6.3943e-08    6.419e-08
     -1.4242   6.4985e-08   6.4622e-08
     -1.3636   6.5564e-08   6.5311e-08
      -1.303   6.5576e-08   6.5085e-08
     -1.2424   6.5518e-08   6.5588e-08
     -1.1818   6.7015e-08   6.6368e-08
     -1.1212   6.8762e-08   6.7636e-08
     -1.0606   6.8983e-08   6.7116e-08
          -1   6.9982e-08   6.7699e-08
    -0.93939   7.0199e-08   6.9509e-08
    -0.87879   7.0887e-08   7.0613e-08
    -0.81818   7.2612e-08   7.1382e-08
    -0.75758    7.476e-08   7.1465e-08
    -0.69697    7.369e-08   7.2268e-08
    -0.63636   7.6216e-08   7.4674e-08
    -0.57576   8.0985e-08   7.5884e-08
    -0.51515   7.7769e-08   7.6318e-08
    -0.45455   8.0633e-08   7.7485e-08
    -0.39394   8.0492e-08   7.9541e-08
    -0.33333   8.5651e-08   8.1231e-08
    -0.27273    8.895e-08   8.0513e-08
    -0.21212   9.6232e-08   8.2872e-08
    -0.15152   1.0553e-07    8.771e-08
   -0.090909   9.1128e-08   8.9397e-08

                  QV        Points number                  396
     Voltage       Charge
           0   3.2472e-12
    0.060606   5.8985e-12
     0.12121   7.9591e-12
     0.18182   9.7308e-12
     0.24242   1.1416e-11
     0.30303   1.2829e-11
     0.36364   1.4123e-11
     0.42424   1.5289e-11
     0.48485   1.6459e-11
     0.54545   1.7493e-11
     0.60606   1.8512e-11
     0.66667   1.9599e-11
     0.72727   2.0631e-11
     0.78788    2.179e-11
     0.84848   2.3132e-11
     0.90909   2.4379e-11
      0.9697   2.5715e-11
      1.0303   2.7236e-11
      1.0909   2.8827e-11
      1.1515   3.0756e-11
      1.2121   3.2736e-11
      1.2727   3.4963e-11
      1.3333   3.7406e-11
      1.3939   3.9991e-11
      1.4545   4.2784e-11
      1.5152   4.5861e-11
      1.5758   4.8666e-11
      1.6364   5.2146e-11
       1.697   5.6433e-11
      1.7576    6.067e-11
      1.8182   6.5149e-11
      1.8788    6.949e-11
      1.9394   7.3813e-11
           2   7.8614e-11
      2.0606   8.2077e-11
      2.1212   8.5411e-11
      2.1818   8.9741e-11
      2.2424   9.3934e-11
       2.303   9.8542e-11
      2.3636   1.0252e-10
      2.4242   1.0626e-10
      2.4848   1.1129e-10
      2.5455   1.1604e-10
      2.6061   1.2355e-10
      2.6667   1.2843e-10
      2.7273   1.3185e-10
      2.7879   1.3619e-10
      2.8485    1.402e-10
      2.9091   1.5119e-10
      2.9697   1.5378e-10
      2.9697   1.5779e-10
      2.9091   1.6315e-10
      2.8485   1.6757e-10
      2.7879   1.6859e-10
      2.7273   1.6915e-10
      2.6667   1.6966e-10
      2.6061   1.6982e-10
      2.5455   1.7022e-10
      2.4848   1.7065e-10
      2.4242   1.7102e-10
      2.3636   1.7124e-10
       2.303   1.7151e-10
      2.2424   1.7176e-10
      2.1818   1.7199e-10
      2.1212   1.7199e-10
      2.0606   1.7206e-10
           2    1.721e-10
      1.9394    1.723e-10
      1.8788   1.7241e-10
      1.8182   1.7242e-10
      1.7576   1.7246e-10
       1.697   1.7255e-10
      1.6364   1.7255e-10
      1.5758   1.7263e-10
      1.5152   1.7266e-10
      1.4545   1.7271e-10
      1.3939   1.7279e-10
      1.3333   1.7287e-10
      1.2727   1.7299e-10
      1.2121    1.731e-10
      1.1515   1.7318e-10
      1.0909   1.7327e-10
      1.0303   1.7341e-10
      0.9697   1.7356e-10
     0.90909   1.7368e-10
     0.84848   1.7382e-10
     0.78788   1.7399e-10
     0.72727   1.7412e-10
     0.66667   1.7419e-10
     0.60606   1.7443e-10
     0.54545    1.746e-10
     0.48485   1.7492e-10
     0.42424   1.7573e-10
     0.36364   1.7645e-10
     0.30303   1.7719e-10
     0.24242   1.7797e-10
     0.18182   1.7851e-10
     0.12121   1.7996e-10
    0.060606   1.8089e-10
           0   1.8051e-10
   -0.060606   1.7076e-10
    -0.12121   1.6446e-10
    -0.18182   1.5842e-10
    -0.24242   1.5206e-10
    -0.30303   1.4547e-10
    -0.36364   1.3865e-10
    -0.42424   1.3218e-10
    -0.48485   1.2588e-10
    -0.54545   1.1892e-10
    -0.60606   1.1268e-10
    -0.66667   1.0644e-10
    -0.72727   9.9276e-11
    -0.78788   9.2915e-11
    -0.84848   8.3085e-11
    -0.90909   6.5453e-11
     -0.9697   5.4872e-11
     -1.0303   3.9935e-11
     -1.0909    2.828e-11
     -1.1515   1.6183e-11
     -1.2121   3.4826e-12
     -1.2727  -7.6824e-12
     -1.3333  -1.5919e-11
     -1.3939  -2.2825e-11
     -1.4545  -2.9586e-11
     -1.5152  -3.7125e-11
     -1.5758  -4.3926e-11
     -1.6364  -5.4738e-11
      -1.697  -6.4262e-11
     -1.7576  -7.1296e-11
     -1.8182  -8.0195e-11
     -1.8788   -8.772e-11
     -1.9394  -9.7348e-11
          -2  -1.0884e-10
     -2.0606  -1.1948e-10
     -2.1212  -1.3071e-10
     -2.1818  -1.3909e-10
     -2.2424  -1.4781e-10
      -2.303  -1.5802e-10
     -2.3636  -1.6572e-10
     -2.4242  -1.7287e-10
     -2.4848  -1.7806e-10
     -2.5455  -1.8323e-10
     -2.6061  -1.8835e-10
     -2.6667  -1.9436e-10
     -2.7273  -2.0137e-10
     -2.7879  -2.0659e-10
     -2.8485  -2.1182e-10
     -2.9091  -2.1617e-10
     -2.9697  -2.1898e-10
     -2.9697  -2.2336e-10
     -2.9091  -2.2504e-10
     -2.8485  -2.2623e-10
     -2.7879  -2.2745e-10
     -2.7273  -2.2825e-10
     -2.6667  -2.2892e-10
     -2.6061  -2.2941e-10
     -2.5455  -2.2973e-10
     -2.4848   -2.298e-10
     -2.4242  -2.3006e-10
     -2.3636  -2.3021e-10
      -2.303  -2.3037e-10
     -2.2424  -2.3043e-10
     -2.1818  -2.3049e-10
     -2.1212  -2.3065e-10
     -2.0606  -2.3063e-10
          -2  -2.3057e-10
     -1.9394  -2.3057e-10
     -1.8788  -2.3062e-10
     -1.8182   -2.307e-10
     -1.7576  -2.3066e-10
      -1.697  -2.3064e-10
     -1.6364  -2.3053e-10
     -1.5758  -2.3048e-10
     -1.5152  -2.3042e-10
     -1.4545  -2.3035e-10
     -1.3939  -2.3013e-10
     -1.3333  -2.2995e-10
     -1.2727  -2.2974e-10
     -1.2121  -2.2951e-10
     -1.1515  -2.2932e-10
     -1.0909  -2.2912e-10
     -1.0303  -2.2888e-10
     -0.9697  -2.2864e-10
    -0.90909  -2.2844e-10
    -0.84848   -2.282e-10
    -0.78788   -2.278e-10
    -0.72727   -2.267e-10
    -0.66667  -2.2659e-10
    -0.60606  -2.2659e-10
    -0.54545  -2.2647e-10
    -0.48485  -2.2628e-10
    -0.42424  -2.2629e-10
    -0.36364  -2.2616e-10
    -0.30303  -2.2624e-10
    -0.24242  -2.2594e-10
    -0.18182  -2.2546e-10
    -0.12121   -2.245e-10
   -0.060606  -2.2378e-10
           0  -2.1688e-10
    0.060606  -2.1126e-10
     0.12121  -2.0496e-10
     0.18182  -1.9868e-10
     0.24242  -1.9129e-10
     0.30303  -1.8411e-10
     0.36364  -1.7691e-10
     0.42424  -1.7004e-10
     0.48485  -1.6397e-10
     0.54545  -1.5727e-10
     0.60606  -1.5045e-10
     0.66667  -1.4364e-10
     0.72727   -1.368e-10
     0.78788  -1.2934e-10
     0.84848  -1.2227e-10
     0.90909  -1.1538e-10
      0.9697  -1.0927e-10
      1.0303  -1.0288e-10
      1.0909  -9.6088e-11
      1.1515  -8.9165e-11
      1.2121  -8.2762e-11
      1.2727  -7.6334e-11
      1.3333   -6.536e-11
      1.3939  -4.8516e-11
      1.4545  -4.0342e-11
      1.5152  -3.2719e-11
      1.5758  -2.4529e-11
      1.6364  -1.2395e-11
       1.697  -6.1767e-12
      1.7576   3.3824e-13
      1.8182   6.8264e-12
      1.8788   1.3647e-11
      1.9394    2.012e-11
           2    2.648e-11
      2.0606   3.2026e-11
      2.1212   3.7524e-11
      2.1818   4.3198e-11
      2.2424   4.9681e-11
       2.303   5.9678e-11
      2.3636   6.4992e-11
      2.4242   7.0727e-11
      2.4848    7.729e-11
      2.5455    8.332e-11
      2.6061   8.8844e-11
      2.6667   9.5343e-11
      2.7273   1.0519e-10
      2.7879   1.1004e-10
      2.8485   1.1515e-10
      2.9091   1.2118e-10
      2.9697   1.2663e-10
      2.9697   1.3135e-10
      2.9091   1.3515e-10
      2.8485   1.3762e-10
      2.7879   1.3959e-10
      2.7273   1.4117e-10
      2.6667   1.4254e-10
      2.6061   1.4364e-10
      2.5455   1.4453e-10
      2.4848   1.4524e-10
      2.4242    1.458e-10
      2.3636   1.4622e-10
       2.303   1.4659e-10
      2.2424   1.4691e-10
      2.1818   1.4702e-10
      2.1212   1.4708e-10
      2.0606   1.4733e-10
           2   1.4744e-10
      1.9394   1.4746e-10
      1.8788   1.4745e-10
      1.8182   1.4753e-10
      1.7576   1.4759e-10
       1.697   1.4766e-10
      1.6364    1.477e-10
      1.5758   1.4771e-10
      1.5152   1.4771e-10
      1.4545   1.4774e-10
      1.3939   1.4773e-10
      1.3333   1.4775e-10
      1.2727    1.477e-10
      1.2121    1.476e-10
      1.1515   1.4747e-10
      1.0909   1.4742e-10
      1.0303   1.4733e-10
      0.9697   1.4729e-10
     0.90909   1.4706e-10
     0.84848   1.4698e-10
     0.78788   1.4695e-10
     0.72727   1.4693e-10
     0.66667   1.4692e-10
     0.60606    1.468e-10
     0.54545   1.4687e-10
     0.48485   1.4705e-10
     0.42424   1.4678e-10
     0.36364   1.4684e-10
     0.30303   1.4705e-10
     0.24242   1.4731e-10
     0.18182   1.4755e-10
     0.12121   1.4775e-10
    0.060606   1.4769e-10
           0    1.478e-10
   -0.060606   1.4025e-10
    -0.12121   1.3515e-10
    -0.18182   1.3045e-10
    -0.24242   1.2574e-10
    -0.30303   1.2124e-10
    -0.36364   1.1679e-10
    -0.42424   1.1241e-10
    -0.48485   1.0668e-10
    -0.54545   1.0156e-10
    -0.60606   9.6386e-11
    -0.66667   9.0111e-11
    -0.72727    8.381e-11
    -0.78788   7.6705e-11
    -0.84848    7.045e-11
    -0.90909   5.9626e-11
     -0.9697   4.8998e-11
     -1.0303   3.8609e-11
     -1.0909   2.8929e-11
     -1.1515   1.9306e-11
     -1.2121    8.466e-12
     -1.2727  -1.8749e-12
     -1.3333  -1.1276e-11
     -1.3939  -2.1135e-11
     -1.4545  -3.0155e-11
     -1.5152  -3.8516e-11
     -1.5758  -4.7005e-11
     -1.6364  -5.5182e-11
      -1.697  -6.3385e-11
     -1.7576  -7.1302e-11
     -1.8182  -8.0641e-11
     -1.8788  -8.6676e-11
     -1.9394  -9.4237e-11
          -2  -1.0171e-10
     -2.0606  -1.0918e-10
     -2.1212  -1.1628e-10
     -2.1818    -1.25e-10
     -2.2424  -1.3345e-10
      -2.303  -1.3977e-10
     -2.3636  -1.4685e-10
     -2.4242  -1.5324e-10
     -2.4848  -1.6062e-10
     -2.5455  -1.6782e-10
     -2.6061  -1.7375e-10
     -2.6667  -1.8002e-10
     -2.7273   -1.852e-10
     -2.7879   -1.903e-10
     -2.8485  -1.9565e-10
     -2.9091  -2.0117e-10
     -2.9697  -2.0548e-10
     -2.9697  -2.0847e-10
     -2.9091  -2.1123e-10
     -2.8485  -2.1345e-10
     -2.7879  -2.1498e-10
     -2.7273  -2.1599e-10
     -2.6667  -2.1666e-10
     -2.6061  -2.1709e-10
     -2.5455  -2.1744e-10
     -2.4848   -2.176e-10
     -2.4242  -2.1776e-10
     -2.3636   -2.181e-10
      -2.303  -2.1831e-10
     -2.2424   -2.184e-10
     -2.1818  -2.1851e-10
     -2.1212   -2.187e-10
     -2.0606  -2.1885e-10
          -2  -2.1889e-10
     -1.9394   -2.189e-10
     -1.8788  -2.1902e-10
     -1.8182  -2.1913e-10
     -1.7576  -2.1919e-10
      -1.697  -2.1918e-10
     -1.6364  -2.1916e-10
     -1.5758  -2.1919e-10
     -1.5152  -2.1924e-10
     -1.4545  -2.1927e-10
     -1.3939  -2.1914e-10
     -1.3333  -2.1913e-10
     -1.2727  -2.1909e-10
     -1.2121  -2.1904e-10
     -1.1515  -2.1897e-10
     -1.0909  -2.1879e-10
     -1.0303  -2.1865e-10
     -0.9697  -2.1849e-10
    -0.90909  -2.1824e-10
    -0.84848   -2.182e-10
    -0.78788  -2.1794e-10
    -0.72727  -2.1778e-10
    -0.66667  -2.1781e-10
    -0.60606  -2.1768e-10
    -0.54545  -2.1743e-10
    -0.48485  -2.1718e-10
    -0.42424  -2.1695e-10
    -0.36364  -2.1739e-10
    -0.30303  -2.1585e-10
    -0.24242  -2.1597e-10
    -0.18182  -2.1472e-10
    -0.12121  -2.1502e-10
   -0.060606  -2.1513e-10




